query,video_id,title,description,publishedAt,channelTitle,location,video_url,viewCount,likeCount,commentCount,comments,TaxonName,query_normalized,created_at,lang_detected,Region_all,created_raw,regionCode,source_flag,species_normalized,search_term_normalized,Region_all.x,Region,LifeForm,PresentStatus,FirstRecord,Region_all.y,CleanName,full_description_lower,FirstRecordDate,time_period,is_iberian
Acridotheres cristatellus,arHU-e2gM-E,Mainá-de-Crista (Acridotheres cristatellus),"Este passeriforme, nativo da China, foi introduzido perto de Lisboa há cerca de 25 anos e desde então tem vindo a expandir-se ...",2024-12-27T22:46:42Z,Natureza,"40.0, -3.7",https://www.youtube.com/watch?v=arHU-e2gM-E,179.0,3.0,0.0,,Acridotheres_cristatellus,Acridotheres cristatellus,2024-12-27T22:46:42Z,pt,Portugal,2024-12-27 22:46:42,,GEO,,,,,Birds,established,2007.0,,,,2007-06-01T12:00:00Z,After,True
Aedes aegypti,LrBv0dNzBus,"EL COMENTARIO, SÍNTOMAS DEL DENGUE.","El dengue es una enfermedad viral transmitida por la picadura del mosquito Aedes aegypti, especialmente en zonas tropicales y ...",2025-08-18T19:00:06Z,EL COMENTARIO por Agustin Sancho  Cubero,"40.0, -3.7",https://www.youtube.com/watch?v=LrBv0dNzBus,0.0,0.0,0.0,,Aedes_aegypti,Aedes aegypti,2025-08-18T19:00:06Z,es,Spain,2025-08-18 19:00:06,,GEO,,,,,Insects,established,2006.0,,,,2006-06-01T12:00:00Z,After,True
Aedes aegypti,72MQlmOUYqw,Continúa la investigación de las larvas &#39;Aedes aegypti&#39; encontradas en La Palma // Periodismo ULL,El personal investigador del Instituto Universitario de Enfermedades Tropicales realiza investigaciones en la Isla tras el hallazgo ...,2022-04-02T13:00:03Z,Periodismo ULL,"28.3, -16.6",https://www.youtube.com/watch?v=72MQlmOUYqw,69.0,1.0,0.0,,Aedes_aegypti,Aedes aegypti,2022-04-02T13:00:03Z,es,Spain,2022-04-02 13:00:03,,GEO,,,,,Insects,established,2006.0,,,,2006-06-01T12:00:00Z,After,True
Aedes aegypti,apDIyLVrxzo,Alerta por la presencia del mosquito Aedes Aegypti en La Palma,Sanidad insta a la población de #LaPalma a notificar sospechas de picaduras de #mosquitos al correo ...,2022-04-13T12:24:57Z,Canarias Noticias,"28.3, -16.6",https://www.youtube.com/watch?v=apDIyLVrxzo,2728.0,236.0,32.0,"Nos himbaden hasta los bichos | ¿Habrá venido por patera?... | Con guppys en los estanques presas u envases puede ser una gran ayuda para su erradicación, por eso le llaman pez mosquito | Ay, muchísimas gracias por el aviso!!!!🙏🙏🙏 | Ahora que nos quitan la mascarilla nos pondran calcetines largos | Perro, el loco traídor no para de meter mierda descontrolada a nuestro país. Demasiado | meteros en casa que os va apicar | seguid metiendo miedo perrodistas | A ver, cómo es posible q la isla más occidental del archipiélago, la más alejada de África, pueda tan siquiera tener la posibilidad de q hayan mosquitos de éstos...

Casualidades las justas🤬 | ES SEMANA SANTA PARA QUE NO RECE NADIE Y GANE SATAN ESTA GUERRA EPIRITUAL",Aedes_aegypti,Aedes aegypti,2022-04-13T12:24:57Z,es,Spain,2022-04-13 12:24:57,,GEO,,,,,Insects,established,2006.0,,,,2006-06-01T12:00:00Z,After,True
Agapornis fischeri,ZOi4AcAYmZU,Agapornis FISCHERI OPALINO verde EUWING. TOP Fischeri.,Precioso ejemplar. HEMBRA Fischeri OPALINO euwing verde. TOP FISCHERI. Aviario Rojo. Todo un lujo para la vista ...,2021-07-26T12:29:30Z,Aviario Rojo,"40.0, -3.7",https://www.youtube.com/watch?v=ZOi4AcAYmZU,3151.0,117.0,24.0,"te invito que te suscribas a mi canal de Youtube , relacionado con el mundo de los AGAPORNIS. 💕SALUDOS. https://www.youtube.com/channel/UC0-2wIgkPPC1pXvtSjtkFFg?sub_confirmation=1 | Mira el mas grande production de ninfas en africa | Chulada de animalito 😃👍 | Precioso  😍😍😍 | Preciosos colores y se ven enteros . | Que color¡¡ me encanta😍 | 😍😍😍 Espectacular | Precioso el color 😍😍😍👌👌👌 | 💯💯 | Espectacular!!!!!",Agapornis_fischeri,Agapornis fischeri,2021-07-26T12:29:30Z,,,2021-07-26 12:29:30,,GEO,,,,,Birds,alien,2008.0,,,,2008-06-01T12:00:00Z,After,True
Agapornis fischeri,6rN_scvb3K0,"Agapornis fischeri my friend Juan | Fischer&#39;s Lovebird (Agapornis fischeri)│ Karatu, Tanzania",,2022-02-16T00:56:10Z,Raees aviary,"40.0, -3.7",https://www.youtube.com/watch?v=6rN_scvb3K0,3601.0,68.0,14.0,Kea price hn bahi | Muy bien | Naic g | Very nice | Bointo | Bonito | Beautiful | Muy bien | 🇵🇰 پاکستان زندہ باد 🇵🇰 | ماشاءاللّٰه,Agapornis_fischeri,Agapornis fischeri,2022-02-16T00:56:10Z,de,,2022-02-16 00:56:10,,GEO,,,,,Birds,alien,2008.0,,,,2008-06-01T12:00:00Z,After,True
Agapornis fischeri,7TOhXVK4VBE,👉🏻 DISPONIBLE pareja de agapornis fischeri,,2023-07-14T17:40:18Z,Fran Robledo,"40.0, -3.7",https://www.youtube.com/watch?v=7TOhXVK4VBE,107.0,3.0,0.0,,Agapornis_fischeri,Agapornis fischeri,2023-07-14T17:40:18Z,,,2023-07-14 17:40:18,,GEO,,,,,Birds,alien,2008.0,,,,2008-06-01T12:00:00Z,After,True
Agapornis fischeri,FmIBHgK-OVQ,Parejita de Agapornis Fischeris que me llegaron de Holanda a Barcelona.,"Comiendo como locos. Pollo hervido, repollo crudo, pera, Nekton y mijo, tengo que esconderme para grabar, porque son ...",2016-09-27T14:44:45Z,Delia Agapornis,"39.6, 3.0",https://www.youtube.com/watch?v=FmIBHgK-OVQ,366.0,7.0,,,Agapornis_fischeri,Agapornis fischeri,2016-09-27T14:44:45Z,ca,Spain,2016-09-27 14:44:45,,GEO,,,,,Birds,alien,2008.0,,,,2008-06-01T12:00:00Z,After,True
Agapornis nigrigenis,HzgXOVwjzRg,Agapornis nigrigenis papilleros (Isi &amp; Ozzy),"El tiempo da sus frutos. Nunca he querido transmitir a la fuerza mis aficiones a mis hijos, pero ha llegado el momento en el que ...",2021-05-26T07:47:10Z,Alejandro Mola García-Galán (Agapornis AVIALE),"40.0, -3.7",https://www.youtube.com/watch?v=HzgXOVwjzRg,948.0,20.0,1.0,So cute❤,Agapornis_nigrigenis,Agapornis nigrigenis,2021-05-26T07:47:10Z,es,Spain,2021-05-26 07:47:10,,GEO,,,,,Birds,alien,2006.0,,,,2006-06-01T12:00:00Z,After,True
Agapornis nigrigenis,AO6Mwm1Wqf4,AVIGON 301,"30/11/2024 Pareja de Agapornis nigrigenis en Avigon, incluida en el Proyecto de cría en cautividad ""Anillos del Jaral""",2024-12-03T10:39:15Z,Gonzalo BC,"40.0, -3.7",https://www.youtube.com/watch?v=AO6Mwm1Wqf4,36.0,2.0,0.0,,Agapornis_nigrigenis,Agapornis nigrigenis,2024-12-03T10:39:15Z,es,Spain,2024-12-03 10:39:15,,GEO,,,,,Birds,alien,2006.0,,,,2006-06-01T12:00:00Z,After,True
Aguila americana,skeg2txR0JM,Épica Pelea Entre Un Zorro y Un Águila Calva #viral #águila #zorro #eagles #fox #shorts # #birds,"Un zorro que acababa de capturar un conejo. De repente, un águila americana se abalanza sobre el animal para robarle el ...",2024-07-21T19:20:00Z,MenteSanaYCuriosa,"40.0, -3.7",https://www.youtube.com/watch?v=skeg2txR0JM,10229.0,115.0,0.0,,Haliaeetus_leucocephalus,Aguila americana,2024-07-21T19:20:00Z,,,2024-07-21 19:20:00,,GEO,,,,,Birds,casual,2008.0,,,,2008-06-01T12:00:00Z,After,True
Aguila americana,VdtSKZAZ_qY,Desafío Diario Águila Americana #forzahorizon5,Completar Desafio Diario 26-08-2022 Águila Americana.,2022-08-26T17:26:41Z,💫𝔼ℝ𝕀ℂ 𝔻ℝ𝔸𝕍𝔼ℕ💫,"40.0, -3.7",https://www.youtube.com/watch?v=VdtSKZAZ_qY,151.0,4.0,5.0,que mas coches son compatibles?¿,Haliaeetus_leucocephalus,Aguila americana,2022-08-26T17:26:41Z,,,2022-08-26 17:26:41,,GEO,,,,,Birds,casual,2008.0,,,,2008-06-01T12:00:00Z,After,True
Aguila americana,L_BO8SZP-r0,Águila Calva.,"Vídeo de un Águila americana o Águila Calva que vive en el Jungle Park, un zoológico y botánico situado en Tenerife (Islas ...",2024-11-14T16:00:04Z,LiziPrado,"28.3, -16.6",https://www.youtube.com/watch?v=L_BO8SZP-r0,524.0,20.0,0.0,,Haliaeetus_leucocephalus,Aguila americana,2024-11-14T16:00:04Z,,,2024-11-14 16:00:04,,GEO,,,,,Birds,casual,2008.0,,,,2008-06-01T12:00:00Z,After,True
Alga asiatica,QbM_iMdDOoU,La #playadeTrengandín en #Noja cubierta por una #alga asiática invasora.,,2025-08-08T13:50:52Z,El Caminante Bilbaíno,"40.0, -3.7",https://www.youtube.com/watch?v=QbM_iMdDOoU,2850.0,31.0,10.0,En el norte de España se recogen y lo utilizan para las farmacias❤ | Y comentan que no se pueden retirar ? | Que asco! | Madre mía 🤔🤔🤔🤔 | Noja tan preciosa.Que ha pasado?,Rugulopteryx_okamurae,Alga asiatica,2025-08-08T13:50:52Z,es,Spain,2025-08-08 13:50:52,,GEO,,,,,Plants,alien,2015.0,,,,2015-06-01T12:00:00Z,After,True
Alga asiatica,OiU7klFmTR8,Alga Asiática - Reduce tu huella | La2,ℹ️ https://www.rtve.es/n/2405399 https://www.rtve.es/v/6709628 https://www.rtve.es/ciencia #ReduceTuHuella ...,2022-10-11T16:00:14Z,La 2,"40.0, -3.7",https://www.youtube.com/watch?v=OiU7klFmTR8,674.0,25.0,3.0,"Genios... | Impactante capitulo, sin duda de los mejores del programa. No se puede cuidar lo que no se conoce, excelente los aportes de las personas que habitan ese espacio, para muchos su lugar también de trabajo, y también el de la especialista en el tema. Ese trabajo conjunto puede ser el inicio de una solución. | Si tal como indica la especialista en este tipo de algas lo mejor es la prevención, estamos de suerte. La buena voluntad de todos puede hacer milagros.",Rugulopteryx_okamurae,Alga asiatica,2022-10-11T16:00:14Z,es,Spain,2022-10-11 16:00:14,,GEO,,,,,Plants,alien,2015.0,,,,2015-06-01T12:00:00Z,After,True
Alga asiatica,iVsBFAZCHiQ,Peleando contra la alga asiática,pesca #andalucia #españa #playa #fishing #fishinglife #beach #surfcasting #surfcastingtv #surfcast.,2024-07-09T17:40:39Z,Pescando con Puki,"40.0, -3.7",https://www.youtube.com/watch?v=iVsBFAZCHiQ,478.0,5.0,0.0,,Rugulopteryx_okamurae,Alga asiatica,2024-07-09T17:40:39Z,,,2024-07-09 17:40:39,,GEO,,,,,Plants,alien,2015.0,,,,2015-06-01T12:00:00Z,After,True
Alga asiatica,lbrE-0xafok,Algas invasoras en el litoral andaluz,La proliferación del alga asiática “Rugurolpteryx Okamurae” en el litoral andaluz está provocando pérdidas en el sector pesquero ...,2019-10-10T09:42:40Z,Tierra y Mar & Espacio Protegido Canal Sur,"40.0, -3.7",https://www.youtube.com/watch?v=lbrE-0xafok,1506.0,20.0,,,Rugulopteryx_okamurae,Alga asiatica,2019-10-10T09:42:40Z,es,Spain,2019-10-10 09:42:40,,GEO,,,,,Plants,alien,2015.0,,,,2015-06-01T12:00:00Z,After,True
Alga asiatica,jxUWodoIlXk,Invasión alga asiática-Gestión de este Gobierno que dice ser ecologista.,"El Gobierno conoce esta invasión, desde 2015, es en ese momento cuando debió aislarla y eliminarla, sin embargo no se ha ...",2020-07-27T09:31:04Z,Diputado Ruben Dario Vega,"40.0, -3.7",https://www.youtube.com/watch?v=jxUWodoIlXk,253.0,14.0,0.0,,Rugulopteryx_okamurae,Alga asiatica,2020-07-27T09:31:04Z,es,Spain,2020-07-27 09:31:04,,GEO,,,,,Plants,alien,2015.0,,,,2015-06-01T12:00:00Z,After,True
Alga asiatica,9-yLLXiPG3o,"🤿Buceo🎥Playita🏖San Felipe,Invasión Alga ASIATICA😡Poca VISIBILIDAD Y EL Mar algo REVUELTO🤷‍♂️PARTE 1ª","Buceo  Playita  San Felipe,Invasión Alga ASIATICA  ,Poca VISIBILIDAD Y EL Mar algo REVUELTO,PARTE 1ª.",2023-08-17T18:41:45Z,MrOfertaDelDía,"40.0, -3.7",https://www.youtube.com/watch?v=9-yLLXiPG3o,176.0,0.0,1.0,"Ya Sabemos que Las Reacciones de Cada Cual Son Diferentes,y a alguien le gusta algo y a alguien No,que 1 Video puede Tener mejor,peor o Muy Mala Calidad como Éste,pero NO Se Trata Del Video en Sí🙏....
SE TRATA DEL CONTENIDO,DE 1 PLAYITA NATURAL QUE SE FORMA DESDE EL CORTE DE LA MURALLA Y LA REESTRUCTURACIÓN Y OBRAS que Cambió y AMPLIÓ EL ENTORNO,CONTORNO,DIMENSIONES,TODO🤷‍♂️
FUÉ HACE MÁS DE 40 AÑOS YÁ🤷‍♂️
Y ÉSTA QUE ES 1 PLAYA NATURAL.QUE.SE FORMÓ POR EFECTO DE LAS MAREAS,VIENTOS,EL HOMBRE Y MÁS...
LA ESCOLLERA Y LA BARRERA DE LAS MURALLAS QUE HACEN DEL LUGAR 1 ENTORNO IDEAL PARA QUE SE FORMASE POR LOS MOTIVOS U CAUSAS HICIERON QUE ESA MARAVILLA DE🏖QUE ES ....
Y QUE ES DE TOD@S,QUE ES NUESTRA🙏REITERO🙏DE TO@S L@S GATITAN@S💛💙
...
Y QUE LA VAN A PRIVATIZAR,ESO ES LO QUE QUIEREN EN CÁDIZ,SIN VIVIENDAS,PRIVATIZANDO TODO LO QUE SE PUEDA,Y NO TIENE EL VIDEO🙏🙏🙏🙏🙏🙏🙏..
NI 1 SOLO LIKE🤦‍♂️🙏🤷‍♂️PERO QUE.OS.PASA GADITANOS???...
OS DA IGUAL TODO???....
APOYA EL VIDEO Y DA LIKE 🤷‍♂️....
A MODO DE APOYO EN PRESERVAR LO QUE....
ES 🏖 👉TUYO👈
1.POQUITO DE CONCIENCIA, EMPATÍA Y DE POR FAVÓ🙏🤷‍♂️😜👍",Rugulopteryx_okamurae,Alga asiatica,2023-08-17T18:41:45Z,es,Spain,2023-08-17 18:41:45,,GEO,,,,,Plants,alien,2015.0,,,,2015-06-01T12:00:00Z,After,True
Algas asiaticas,O4QoCAowGFw,ALGAS ASIÁTICAS #algarve #portugal #albufeira #lagos #agenda2030 #europa #algas #asiatica #sagres,,2025-08-15T09:31:06Z,AUTÓNOMO en ESPAÑA,"40.0, -3.7",https://www.youtube.com/watch?v=O4QoCAowGFw,1447.0,19.0,0.0,,Rugulopteryx_okamurae,Algas asiaticas,2025-08-15T09:31:06Z,,,2025-08-15 09:31:06,,GEO,,,,,Plants,alien,2015.0,,,,2015-06-01T12:00:00Z,After,True
Algas asiaticas,x647Jo_MfoI,El “Proyecto Bioalgas” busca convertir las algas asiáticas invasoras en abono orgánico,"El “Proyecto Bioalgas” busca convertir algas marinas en recursos biológicos, abonos orgánicos, gracias al trabajo de científicos e ...",2019-11-26T08:27:11Z,Tierra y Mar & Espacio Protegido Canal Sur,"40.0, -3.7",https://www.youtube.com/watch?v=x647Jo_MfoI,6105.0,82.0,,,Rugulopteryx_okamurae,Algas asiaticas,2019-11-26T08:27:11Z,es,Spain,2019-11-26 08:27:11,,GEO,,,,,Plants,alien,2015.0,,,,2015-06-01T12:00:00Z,After,True
Algas asiaticas,IBQ4ehvk2Jg,Invasión de Algas Asiáticas en Cádiz,,2023-07-19T21:36:02Z,Mister Fog,"40.0, -3.7",https://www.youtube.com/watch?v=IBQ4ehvk2Jg,5775.0,50.0,6.0,"Las playas de Cádiz, las mejores!!! La Caleta, entrañable... Desde Chile, un abrazo 😊 | 😂😂😂😂😂😂 | Ahora quitale el alga y puedes seguir haciendo el mismo chiste | PUAJAJAJJAJA",Rugulopteryx_okamurae,Algas asiaticas,2023-07-19T21:36:02Z,es,Spain,2023-07-19 21:36:02,,GEO,,,,,Plants,alien,2015.0,,,,2015-06-01T12:00:00Z,After,True
Algas asiaticas,bXvGuBuQczc,JORNADA DE EGUING TRANQUILA CON POCA ACTIVIDAD PERO EN EL ULTIMO INTENTO SAQUE LA PIEZA.,ESTUVE EL DIA BASTANTE MALO QUE ENTRE LAS ALGAS ASIATICAS Y LA POCA ACTIVIDAD SE HIZO ESPERAR LA PIEZA ...,2025-05-26T21:58:46Z,CALETA FISHING,"40.0, -3.7",https://www.youtube.com/watch?v=bXvGuBuQczc,279.0,29.0,9.0,"buena captura | Que artista eres | El Seprona te tiene que prohibir la entrada a la Caleta , la vas a escardar , la vas a dejar vacía , killo si te lo llevas tó , un robalazo y chocazo er mismo día , ésto no puede ser , captura y suelta 😂😂😂😂😂 | Esa pieza fritita con manzanilla... Qué rica paisano.... Disfrutala... | buen choco vecino | Ahí está el tío | Buen choco compañero gracias por compartirlo fenómeno nos vemos en el próximo video buena pesca",Rugulopteryx_okamurae,Algas asiaticas,2025-05-26T21:58:46Z,es,Spain,2025-05-26 21:58:46,,GEO,,,,,Plants,alien,2015.0,,,,2015-06-01T12:00:00Z,After,True
Amazona ochrocephala,LTym5WtyciU,Amazone à front jaune - Villaverde Romans,"Amazona ochrocephala élevé à la main, perroquet EAM, Amazone front jaune, perroquet apprivoisé, Villaverde Romans.",2018-04-18T11:42:06Z,Villaverde Pizancon,"40.0, -3.7",https://www.youtube.com/watch?v=LTym5WtyciU,628.0,3.0,0.0,,Amazona_ochrocephala,Amazona ochrocephala,2018-04-18T11:42:06Z,,,2018-04-18 11:42:06,,GEO,,,,,Birds,alien,2007.0,,,,2007-06-01T12:00:00Z,After,True
Anser cygnoides,Cfiwk5O-mJc,"Ganso chino 4K (Anser cygnoides domesticus)african Chinese goose, Höckergans, Oca cigno, Oie, chinês",Únete a este canal para acceder a sus beneficios: https://www.youtube.com/channel/UCWHFE5lK2Wm487H9t1hms1g/join ...,2023-09-16T17:00:10Z,Observador Salvaje (Juan Lacasia),"40.0, -3.7",https://www.youtube.com/watch?v=Cfiwk5O-mJc,968.0,16.0,3.0,Hola Juan son una belleza no tengo conocimiento que haya en Argentina muy bonitos,Anser_cygnoides,Anser cygnoides,2023-09-16T17:00:10Z,,,2023-09-16 17:00:10,,GEO,,,,,Birds,alien,2008.0,,,,2008-06-01T12:00:00Z,After,True
Anser cygnoides,b11h5sqkPWU,Canto do Ganso-Híbrido-Doméstico (Anser anser domesticus × anser cygnoides domesticus),"Jardim do Lena, na Batalha.",2023-09-07T22:39:47Z,Natureza,"40.0, -3.7",https://www.youtube.com/watch?v=b11h5sqkPWU,85.0,2.0,0.0,,Anser_cygnoides,Anser cygnoides,2023-09-07T22:39:47Z,,,2023-09-07 22:39:47,,GEO,,,,,Birds,alien,2008.0,,,,2008-06-01T12:00:00Z,After,True
Aratinga jandaya,qyq7CUL_K8A,Domingo de vuelos.,"Vuelo libre con loros, aratinga acuticaudata aratinga jandaya.",2018-04-15T21:03:57Z,BowieiKEA,"40.0, -3.7",https://www.youtube.com/watch?v=qyq7CUL_K8A,25.0,0.0,0.0,,Aratinga_jandaya,Aratinga jandaya,2018-04-15T21:03:57Z,es,Spain,2018-04-15 21:03:57,,GEO,,,,,Birds,alien,2008.0,,,,2008-06-01T12:00:00Z,After,True
Aspio,ZEYkFLrW3n8,Fishing Planet   aspio anguila y final   dia 6 y fin,"Hola compis, este es el final de Italia , final de misión y final de capítulo y espero que os haya gustado y os sirva por si os pasáis ...",2020-02-18T23:14:47Z,heavi1961,"40.0, -3.7",https://www.youtube.com/watch?v=ZEYkFLrW3n8,314.0,4.0,0.0,,Leuciscus_aspius,Aspio,2020-02-18T23:14:47Z,es,Spain,2020-02-18 23:14:47,,GEO,,,,,Fishes,established,2017.0,,,,2017-07-20T00:00:00Z,After,True
Avispa asesina,_lH5c-QgDDo,Avispa asesina nos ATACA durante el podcast. #túyjohn  #podcast #avispas #ataque,Episodio 8 de #TúyJohn ya disponible en todas las plataformas. Link en la biografía. #3000viviendas #tresmilviviendas #sevilla ...,2024-08-03T16:00:26Z,Tú y John,"40.0, -3.7",https://www.youtube.com/watch?v=_lH5c-QgDDo,615.0,5.0,0.0,,Vespa_velutina,Avispa asesina,2024-08-03T16:00:26Z,es,Spain,2024-08-03 16:00:26,,GEO,,,,,Insects,established,2011.0,,,,2010-08-21T00:00:00Z,After,True
Avispa asesina,5rQLDsxLqmM,Cómo sobrevivir al ataque de una avispa asesina #avispas #supervivencia #animalespeligrosos #shorts,"Sabes qué hacer si te ataca una avispa? Te lo explico en menos de un minuto. Pero cuidado, esto es solo una pequeña parte del ...",2025-05-03T16:01:22Z,Explora lo Desconocido,"40.0, -3.7",https://www.youtube.com/watch?v=5rQLDsxLqmM,4328.0,39.0,4.0,"Dime, ¿te ha picado alguna vez una avispa? 🐝, ¿ cómo reaccionó tu cuerpo?

¡Suscríbete a mi canal y no te pierdas el vídeo largo de mi canal donde te cuento los animales más peligrosos que se pueden colar en tu casa! | Me han picado demasiadas veces | Buenos consejos! | Problema gordo gordo si eres alérgico",Vespa_velutina,Avispa asesina,2025-05-03T16:01:22Z,es,Spain,2025-05-03 16:01:22,,GEO,,,,,Insects,established,2011.0,,,,2010-08-21T00:00:00Z,After,True
Avispa asesina,4NPXna8nubM,EEUU se enfrenta a otro ENEMIGO/ la avispa asesina,EEUU se enfrenta a un enemigo llamado vespa MANDARINIA también conocido como avispa asesina.,2020-05-05T09:51:41Z,Tiluga,"40.0, -3.7",https://www.youtube.com/watch?v=4NPXna8nubM,196.0,10.0,2.0,"Si quieres apoyar este canal para que siga subiendo más vídeos cómo este, SUSCRÍBETE y comparte, estaré muy agradecida y hará que el canal suba un poco, muchas gracias | madre mía !!!!!!!!!",Vespa_velutina,Avispa asesina,2020-05-05T09:51:41Z,es,Spain,2020-05-05 09:51:41,,GEO,,,,,Insects,established,2011.0,,,,2010-08-21T00:00:00Z,After,True
Avispa asesina,wDJzwUWLvv8,La avispa asesina,Picadura QQ.,2018-07-23T15:47:36Z,José Javier Solabre Heras,"40.0, -3.7",https://www.youtube.com/watch?v=wDJzwUWLvv8,19.0,1.0,0.0,,Vespa_velutina,Avispa asesina,2018-07-23T15:47:36Z,es,Spain,2018-07-23 15:47:36,,GEO,,,,,Insects,established,2011.0,,,,2010-08-21T00:00:00Z,After,True
Avispa asesina,1bLIYQQNQRY,Me mata la Avispa asesina The twins / parte 2 😱😱,hola mis queridos amigos bienvenidos a un nuevo video aquí en el canal 2 del elfrio_488 en el. video de hoy vamos a estar ...,2024-07-17T09:17:23Z,Elfrio_488 Canal 2,"40.0, -3.7",https://www.youtube.com/watch?v=1bLIYQQNQRY,209.0,17.0,11.0,Pero nadies juega twins en computadora es difícil solo se juega en celular | Yo gane twins en modo normal con los 4 pero en Heard me costó mucho jugar con los 4 ellos son rápidos es mí primita ves que gano en Heard pero modo estreme no gane nunca | YO CUANDO SALIA DE UNA CARCEL EMPESAVA A CORRER | XD | Buen video 😂😂 | 😂😂😂😂😂 | Buen video 😂😂😂 | Buen video 😂😂 | 😂😂 me muero con los sustos | Buen video 😂😂,Vespa_velutina,Avispa asesina,2024-07-17T09:17:23Z,es,Spain,2024-07-17 09:17:23,,GEO,,,,,Insects,established,2011.0,,,,2010-08-21T00:00:00Z,After,True
Avispa asiatica,9NmVNcPHGeU,"Avispa asiática y avispón europeo, diferencias.","La avispa asiática es una especie invasora que no debemos confundir con el avispón europeo (Vespa crabro), que es autóctona.",2022-10-22T12:06:48Z,Huerto Fedello,"40.0, -3.7",https://www.youtube.com/watch?v=9NmVNcPHGeU,1370.0,23.0,0.0,,Vespa_velutina,Avispa asiatica,2022-10-22T12:06:48Z,es,Spain,2022-10-22 12:06:48,,GEO,,,,,Insects,established,2011.0,,,,2010-08-21T00:00:00Z,After,True
Avispa asiatica,DpymLStz8rM,Método para capturar una avispa asiática o asesina con objetos cotidianos y eficaces en casa 🐝👍🏻,Metodo para capturar una avispa asiática o asesina con objetos cotidianos y eficaces en casa yb evitr su picadura a veces ...,2020-05-28T14:54:35Z,losguajesxixon 2comida,"40.0, -3.7",https://www.youtube.com/watch?v=DpymLStz8rM,71.0,1.0,0.0,,Vespa_velutina,Avispa asiatica,2020-05-28T14:54:35Z,es,Spain,2020-05-28 14:54:35,,GEO,,,,,Insects,established,2011.0,,,,2010-08-21T00:00:00Z,After,True
Avispa asiatica,NycUjVkbxy4,Ante una especie ¡caníbal! Avispa Asiática/Velutina devorando a una de sus congéneres (Sonido real).,Miro mi huerta con desconsuelo y mi desánimo va en aumento porque no puedo disfrutar de lo que la naturaleza me ofrece.,2021-09-07T11:01:01Z,Mi Huerta Silvestre,"40.0, -3.7",https://www.youtube.com/watch?v=NycUjVkbxy4,210.0,5.0,2.0,"Cuando la situación se convierte insostenible ""hay que defender el territorio aunque sea con la muerte"". Desde tiempo remotos así ha sido y por esto esta afirmación de mi colega Miguel, (https://www.instagram.com/silvestremiguel4/ en instagram) cobra sentido. Por mucho que queramos hacer la 'vista gorda', no querer ver sufrir a los insectos como en este video se ve, tenemos que percatarnos de que detrás hay muchas cabezas sueltas procedentes de nuestras amadas abejas, vitales para la permanencia de la vida humana. Por tanto amigos, todos aquellos que se encuentren en la zona norte es probable que se estén viendo en la misma tesitura que la mía, Aquí os dejo unas trampas que sin duda van a atraer a cientos de estas avispas, que ya se han convertido en una plaga y que pocos de los que se hacen llamar: diligentes, gobernadores, representantes, directores o psicópatas natos amantes de  la moneda... como quieran llamarse poco me importa la verdad... hacen nada por disuadirlas. Mucho misterio hay detrás de este asunto pero de lo que estoy segura, es de que la naturaleza no es la responsable de lo que aquí está sucediendo, pero es la que se tiene que ver más afectada, sin tener la culpa de nada.  Te invito a seguirme tambien en Instagram https://www.instagram.com/mariterosmarinus/


TRAMPA:

CUBO GRANDE
1 KILO DE AZUCAR 
3-4 LITROS DE AGUA
100 GR DE LEVADURA FRESCA

REMOVER BIEN Y DEJARLA A CUBIERTO EN UN LUGAR ALEJADOD E LA HUERTA.

VACIAR  EL CUBO APROXIMADAMENTE CADA 3 DÍAS. | Ufff los pelos de punta  se me ponen. Impresionante e imponente vídeo que retrata la vil voracidad infinita de esta especie tan innecesaria en nuestro ecosistema",Vespa_velutina,Avispa asiatica,2021-09-07T11:01:01Z,es,Spain,2021-09-07 11:01:01,,GEO,,,,,Insects,established,2011.0,,,,2010-08-21T00:00:00Z,After,True
Avispa asiatica,ZzjVDzHBg6E,Nuevos métodos para combatir la Avispa Asiática - Velutina,Noticia telediario 21/09/18 tve Nacional .,2018-09-21T14:11:15Z,Asiatic Wasp Ball,"40.0, -3.7",https://www.youtube.com/watch?v=ZzjVDzHBg6E,2345.0,16.0,2.0,Muito  bom  ajudem  a  combater a   vespa asiatica | Lol,Vespa_velutina,Avispa asiatica,2018-09-21T14:11:15Z,gl,Spain,2018-09-21 14:11:15,,GEO,,,,,Insects,established,2011.0,,,,2010-08-21T00:00:00Z,After,True
Avispa asiatica,UEZcBBa7ags,Intervención De Nido Primario De Avispa Asiática en Lliça d&#39;Amunt,Como hemos estado diciendo en videos anteriores la plaga de la avispa asiática este año se va a revelar como el problema más ...,2020-07-31T20:03:12Z,Gustavo Pou,"40.0, -3.7",https://www.youtube.com/watch?v=UEZcBBa7ags,689.0,29.0,6.0,"🌷hello bndiciones. buen día..mire me gusta mucho lo q sabe,y polo q comenta del segundo nido..y q hay enl suelo tambien.. pm desgraciadamente yo vivo en México en San Luis Río colorado Sonora,y pues no puede venir a ayudarme..pro cn una respuesta quizá si 😊...enmi patio tngo un mezquite muy grande y ahí andan avispas amarillas.. pro también las e visto en una maceta d piso,y no sé si abajo dela planta está el nido..xqe veo q ahi se meten nla tarde,pro e visto ala reina ahí arriba revoloteando enlas ramas del mezquite y a muchas grandes y muchas bebitas también.. pro ya nla tarde no sé ven enlos arbolitos q tngo y enl mezquite..q puedo hacer?..pa qse vayan?xqe usted dice q les gusta el sol..oro la maceta está nla sombra..y aqi en mi ciudad no hay nadie q tnga su experiencia..gracias y bendiciones 🙋 | de los modulos , `por donde sacan a las abejas que mueren?  gracias | Es verdad aún hay gente que no sabe lo de primario secundario  y terciario aún no han visto pedazo de panal que hacen al final tamaño bombona de butano repletas de avispas | Gracias Gustavo, estábamos aterrados. Un gran profesional.
Gracias",Vespa_velutina,Avispa asiatica,2020-07-31T20:03:12Z,es,Spain,2020-07-31 20:03:12,,GEO,,,,,Insects,established,2011.0,,,,2010-08-21T00:00:00Z,After,True
Avispa asiatica,yP7TklE6MY4,Avispa asiática?,Este bicho me lo encontre en la piscina. ¿Puede ser una avispa asiatica?,2018-10-03T12:27:16Z,Carlos M.D,"40.0, -3.7",https://www.youtube.com/watch?v=yP7TklE6MY4,75.0,5.0,6.0,como molaa que valiente eres yo me iria corriendo | Me encanta el video as más🙏🙏 | No,Vespa_velutina,Avispa asiatica,2018-10-03T12:27:16Z,es,Spain,2018-10-03 12:27:16,,GEO,,,,,Insects,established,2011.0,,,,2010-08-21T00:00:00Z,After,True
Avispa asiatica,sAd-Ag0uifk,Avispa Asiática - Nuevo método Vectores -  Asiatic Wasp Ball,Noticia del 20/09/2018 Asiatic wasp ball.,2018-09-20T16:56:42Z,Asiatic Wasp Ball,"40.0, -3.7",https://www.youtube.com/watch?v=sAd-Ag0uifk,605.0,7.0,0.0,,Vespa_velutina,Avispa asiatica,2018-09-20T16:56:42Z,en,,2018-09-20 16:56:42,,GEO,,,,,Insects,established,2011.0,,,,2010-08-21T00:00:00Z,After,True
Avispa asiatica,r9j8XInKtHg,La avispa asiática - Especies invasoras,"Las especies exóticas invasoras son animales o plantas que llegan a un nuevo ecosistema por culpa del ser humano, causando ...",2021-06-01T07:50:06Z,Colegio Erain Ikastetxea,"40.0, -3.7",https://www.youtube.com/watch?v=r9j8XInKtHg,237.0,11.0,17.0,"#tendencias | El mejorr | Elenco | Pedazo video loko 
Recomendados de youtube 👌👌 | Haces mejores videos que Lipsao27🤧🍆 | Felicidades chaval por tu buen trabajo | Wow! | De locos | El mejor! | Que entretenido",Vespa_velutina,Avispa asiatica,2021-06-01T07:50:06Z,es,Spain,2021-06-01 07:50:06,,GEO,,,,,Insects,established,2011.0,,,,2010-08-21T00:00:00Z,After,True
Avispa asiatica,7xUGXygBIdw,La avispa asiática - Especies invasoras,"Las especies exóticas invasoras son animales o plantas que llegan a un nuevo ecosistema por culpa del ser humano, causando ...",2021-06-01T07:50:11Z,Colegio Erain Ikastetxea,"40.0, -3.7",https://www.youtube.com/watch?v=7xUGXygBIdw,118.0,2.0,,,Vespa_velutina,Avispa asiatica,2021-06-01T07:50:11Z,es,Spain,2021-06-01 07:50:11,,GEO,,,,,Insects,established,2011.0,,,,2010-08-21T00:00:00Z,After,True
Avispa asiatica,WYIQXo3DfdY,Método &quot;Asiatic Wasp Ball&quot;  TVE -  Avispa Asiática - Velutina,Cabezera del telediario 20/09/2018.,2018-09-20T15:53:58Z,Asiatic Wasp Ball,"40.0, -3.7",https://www.youtube.com/watch?v=WYIQXo3DfdY,191.0,0.0,0.0,,Vespa_velutina,Avispa asiatica,2018-09-20T15:53:58Z,,,2018-09-20 15:53:58,,GEO,,,,,Insects,established,2011.0,,,,2010-08-21T00:00:00Z,After,True
Avispa asiatica,GD60N_tXuG0,Consejos sobre la avispa asiática en Madrid,La #comunidaddemadrid lanza una campaña informativa con #consejos y #recomendaciones sobre la #avispaasiatica #avispas ...,2022-09-15T16:09:05Z,Al Limite,"40.0, -3.7",https://www.youtube.com/watch?v=GD60N_tXuG0,212.0,40.0,1.0,Madre mía menuda avispa,Vespa_velutina,Avispa asiatica,2022-09-15T16:09:05Z,es,Spain,2022-09-15 16:09:05,,GEO,,,,,Insects,established,2011.0,,,,2010-08-21T00:00:00Z,After,True
Avispa asiatica,IGn-UH-wzlU,avispa asiática en enero del 2023 todavía están activas. ☢️🤦,,2023-01-22T00:09:53Z,Gustavo Pou,"40.0, -3.7",https://www.youtube.com/watch?v=IGn-UH-wzlU,586.0,16.0,1.0,Yo creo que es la única manera de qué realmente quedé eliminado el nido hay otros métodos pero siempre queda la duda si aún hay vida en los nidos es mi opinión stop velutina 👍,Vespa_velutina,Avispa asiatica,2023-01-22T00:09:53Z,es,Spain,2023-01-22 00:09:53,,GEO,,,,,Insects,established,2011.0,,,,2010-08-21T00:00:00Z,After,True
Avispa asiatica,oto8BoDnS-0,Haciendo Trampas para Avispa Asiática o Velutina,En este vídeo te mostraré como hacer trampas para avispa Asiática o Velutina y una novedad muy emocionante en mi gallinero!,2023-04-05T19:00:07Z,soy Lobo Nómada,"40.0, -3.7",https://www.youtube.com/watch?v=oto8BoDnS-0,46146.0,2878.0,145.0,"⛺ Material de Supervivencia y Aventura: https://wolfgearstore.com/collections/todos-los-productos
📷 Fotos y vídeos diarios: https://www.instagram.com/soylobonomada
🎁 Vídeo oculto, sobre las 3 acciones increíblemente sencillas, para conseguir tu finca rural: https://academiadesupervivencia.com/p/video-finca | 👏👍🇪🇸.
Muy buen vídeo, como siempre.
Gracias por tenernos informarnos.
Totalmente de acuerdo con todo lo dicho.
Un saludo MÁQUINA.
Sigue así.
——- /// ——-
LIBERTAD PARA EL JUEZ:
D. Fernando Presencia Crespo.
———-///———
Salgamos de la Unión Europea.
No a la Agenda 2030.
Más conocida como VENTE Y TRINCA.
No al Euro Digital.
NO A ARRANCAR OLIVOS.
NO A LOS POLÍTICOS CORRUPTOS QUE LO CONSIENTEN, os votamos para qué trabajéis por nosotros y defendáis nuestros intereses. No para Vendernos y Hundirnos, ni ser vuestros esclavos.
LIBERTAD PARA EL JUEZ Presencia.
Saludos desde Granada.
👏👍🇪🇸.
——-///——-
Y Hasta que no se demuestre lo contrario, 
el único que se salva es VOX.
....💚....
❤️💛❤️.
——-///——-
No gano las elecciones, 
NI LAS DE SU PARTIDO.
AMAÑO LAS VOTACIONES.
EL PSEUDO PRESIDENTE:
🤥💩👻🤮
DIMISIÓN Y ENCARCELACIÓN YA! | No me enseñes nada una de estas le tenía que pegar un picotazo al presidente del Gobierno pero ahí donde usted sabe donde más duele | En cuanto tiempo habra un control total de las avispas o que otra accion hay que realizar para lograrlo. Gracias por compartir | Espero que sigas bien y cuídate mucho 🇨🇷 | Esas avispas debe estinguise matara a toda la fauna de la naturaleza | Soy Olga de Argentina ,x tres dias no tengo videos tuyo ,me quedé con dos pollitos,solo tengo YouTube.Cariño | Me copie como las pusites y las hice igual | Las estas llenando de mas, si la llenas mucho en cuanto caigan dentro suben una por encima de las otras y acabaran saliendo por el embudo | Hola Adrián, vengo a comentar aquí tu último video, soy una más que ve tus videos porque me gusta tu canal, me gusta todo lo que con esfuerzo vas creando, y te diré que muchos quisieran hacer lo mismo, pero por diversos motivos no lo hacen, simplemente no hagas caso de la gente mala y envidiosa, lo que quiere esa gentuza es quitarte tu energía y darles minutos de gloria, sigue a lo tuyo como siempre haces, cada día es un día diferente y siempre pasan cosas y otros días son más tranquilos, saludos.",Vespa_velutina,Avispa asiatica,2023-04-05T19:00:07Z,es,Spain,2023-04-05 19:00:07,,GEO,,,,,Insects,established,2011.0,,,,2010-08-21T00:00:00Z,After,True
Avispa asiatica,mYRLOLVQgSg,Avispa asiática un montón Pero vamos A por ellas pero bueno algo de ayuda Por parte del principado,Así podríamos conservar nuestra Miel ￼ pero bueno de momento aquí estamos con ellas con los vuelos de reconocimiento￼ Y ...,2022-08-07T14:53:54Z,La Miel del Mar,"40.0, -3.7",https://www.youtube.com/watch?v=mYRLOLVQgSg,71.0,5.0,1.0,Avispa asiática En la piquera y así es como mueren las colmenas no las dejan trabajar si alguien tomar algún tipo de medida por lo menos aquí en Asturias,Vespa_velutina,Avispa asiatica,2022-08-07T14:53:54Z,es,Spain,2022-08-07 14:53:54,,GEO,,,,,Insects,established,2011.0,,,,2010-08-21T00:00:00Z,After,True
Avispa asiatica,ECa7XRmpEYU,La avispa asiática!,preciosa veraneante atacada por una horda de avispas asiaticas salvajes y descontroladas.,2018-08-12T16:06:56Z,La Trabazón Teatro,"40.0, -3.7",https://www.youtube.com/watch?v=ECa7XRmpEYU,134.0,3.0,0.0,,Vespa_velutina,Avispa asiatica,2018-08-12T16:06:56Z,,,2018-08-12 16:06:56,,GEO,,,,,Insects,established,2011.0,,,,2010-08-21T00:00:00Z,After,True
Avispa asiatica,dwNsBvWpUho,Bomberos de Santiago contra la avispa asiática [EDUCACIÓN AMBIENTAL],"vespavelutina , #educacionambiental , #santiagodecompostela , #bomberossantiago , #avispaasiatica La avispa asiática (vespa ...",2018-11-28T11:22:42Z,Poty Ambienturas,"40.0, -3.7",https://www.youtube.com/watch?v=dwNsBvWpUho,13005.0,270.0,29.0,"Aprender a distinguir el avispón asiático del avispón europeo:
https://www.youtube.com/watch?v=M2FMLkhDs2M | Estamos ante un Wicked problem | Que bonita es nuestra España la mires por donde la mires😍🇪🇸 | Que grande eres macho! gracias por tu canal, hace mucha falta💪🏼💪🏼💪🏼👏🏼👏🏼👏🏼👏🏼👏🏼👏🏼👏🏼👏🏼👏🏼👏🏼👏🏼 | Un vídeo muuy chulo como siempre! Un abrazo fuerte! | Madre mía, cada vez mejor!!! Muy interesante | Nice video Man | if you can please add subtitles , great video | 😭😭😭... ❤❤❤ | Menos mal que ha vuelto el Crack del YouTube de educación ambiental! Estábamos un poco huérfanos sin tus Poty Ambienturas! Me lo parece a mí o has subido el nivel de edición en los vídeos? 😉 Enhorabuena caballero! Buen tema, buena explicación y buen humor. Conseguir que un vídeo de 18 minutos no se haga largo (al contrario, es muy ameno) tiene mérito! Aquí estamos deseando que llegue la siguiente Poty Ambienturas para seguir aprendiendo! Un abrazo",Vespa_velutina,Avispa asiatica,2018-11-28T11:22:42Z,es,Spain,2018-11-28 11:22:42,,GEO,,,,,Insects,established,2011.0,,,,2010-08-21T00:00:00Z,After,True
Avispa asiatica,_JkDI99Evfk,Control avispa asiática,En aquest vídeo us ensenyem com fer una trampa eficaç i senzilla per prevenir i controlar la invasió de la vespa asiàtica o ...,2024-01-19T11:15:45Z,ADF . VACARISSES 192,"40.0, -3.7",https://www.youtube.com/watch?v=_JkDI99Evfk,109.0,5.0,0.0,,Vespa_velutina,Avispa asiatica,2024-01-19T11:15:45Z,ca,Spain,2024-01-19 11:15:45,,GEO,,,,,Insects,established,2011.0,,,,2010-08-21T00:00:00Z,After,True
Avispa asiatica,n0ACNBg2OrQ,Avispa asiática en Novelda (Alicante),"La impresionante avispa asiática colonizando España, ya pasa por novelda )",2019-09-06T01:05:44Z,A.n_tv,"40.0, -3.7",https://www.youtube.com/watch?v=n0ACNBg2OrQ,211.0,9.0,0.0,,Vespa_velutina,Avispa asiatica,2019-09-06T01:05:44Z,es,Spain,2019-09-06 01:05:44,,GEO,,,,,Insects,established,2011.0,,,,2010-08-21T00:00:00Z,After,True
Avispa asiatica,xk8GkoeZeb0,Avispa Asiática,,2023-07-27T20:32:49Z,Hector,"40.0, -3.7",https://www.youtube.com/watch?v=xk8GkoeZeb0,173.0,1.0,0.0,,Vespa_velutina,Avispa asiatica,2023-07-27T20:32:49Z,pt,Portugal,2023-07-27 20:32:49,,GEO,,,,,Insects,established,2011.0,,,,2010-08-21T00:00:00Z,After,True
Avispa asiatica,SoaIXQD5opY,Velutina vs Cangrejo,Pelea de una Avispa Asiática Velutina contra un cangrejo en la playa en galicia.,2023-08-22T18:37:48Z,ignacio zitare,"40.0, -3.7",https://www.youtube.com/watch?v=SoaIXQD5opY,16.0,1.0,0.0,,Vespa_velutina,Avispa asiatica,2023-08-22T18:37:48Z,gl,Spain,2023-08-22 18:37:48,,GEO,,,,,Insects,established,2011.0,,,,2010-08-21T00:00:00Z,After,True
Avispa asiatica,QvRFDgkAl60,Por aviso de @infobarakaldo @BarakaldoPcivil ha retirado un nido de avispa asiática en La Siebe,,2023-06-07T22:54:29Z,Proteccion Civil Barakaldo Babes Zibila,"40.0, -3.7",https://www.youtube.com/watch?v=QvRFDgkAl60,324.0,9.0,0.0,,Vespa_velutina,Avispa asiatica,2023-06-07T22:54:29Z,,,2023-06-07 22:54:29,,GEO,,,,,Insects,established,2011.0,,,,2010-08-21T00:00:00Z,After,True
Avispa asiatica,ciKyUb8lPb4,¡Encontré un nido de avispa asiática en mi casa!,Hola! Aquí os dejo información sobre la intervención en un nido primario de avispa asiática. Se trata de un nido iniciado por la ...,2025-06-28T11:27:25Z,Gustavo Pou,"39.6, 3.0",https://www.youtube.com/watch?v=ciKyUb8lPb4,77.0,4.0,1.0,Té van a buscar a casa,Vespa_velutina,Avispa asiatica,2025-06-28T11:27:25Z,es,Spain,2025-06-28 11:27:25,,GEO,,,,,Insects,established,2011.0,,,,2010-08-21T00:00:00Z,After,True
Avispa asiatica,QeWUW5yHWqI,Erika Quintero. Moción sobre la avispa asiática en el Pleno de Junio &#39;21,"Vilanova i la Geltrú, 7/06/21. Erika Quintero, concejal portavoz de Ciutadans en Vilanova y la Geltrú, expone la moción de Cs ...",2021-06-15T10:56:27Z,Ciutadans Vilanova i la Geltrú,"39.6, 3.0",https://www.youtube.com/watch?v=QeWUW5yHWqI,14.0,0.0,0.0,,Vespa_velutina,Avispa asiatica,2021-06-15T10:56:27Z,ca,Spain,2021-06-15 10:56:27,,GEO,,,,,Insects,established,2011.0,,,,2010-08-21T00:00:00Z,After,True
Avispa asiatica,cn6tof5DwHI,avispa asesina o avispa asiática!! como la reconoces?🐝#suno #tiktok  #instagramreels #youtubeshort,"Se agradecen mucho los comentarios constructivos sobre esta canción, que está compitiendo para ser la voz oficial de mi canal ...",2025-06-03T13:44:59Z,Gustavo Pou,"39.6, 3.0",https://www.youtube.com/watch?v=cn6tof5DwHI,583.0,7.0,0.0,,Vespa_velutina,Avispa asiatica,2025-06-03T13:44:59Z,es,Spain,2025-06-03 13:44:59,,GEO,,,,,Insects,established,2011.0,,,,2010-08-21T00:00:00Z,After,True
Avispa asiatica,cdBePX43wZ4,avispa asiática dentro de casa #youtubeshorts #tiktok #instagram #facebookreels,"Se agradecen mucho los comentarios constructivos sobre esta canción, que está compitiendo para ser la voz oficial de mi canal ...",2025-06-03T18:33:05Z,Gustavo Pou,"39.6, 3.0",https://www.youtube.com/watch?v=cdBePX43wZ4,789.0,5.0,0.0,,Vespa_velutina,Avispa asiatica,2025-06-03T18:33:05Z,,,2025-06-03 18:33:05,,GEO,,,,,Insects,established,2011.0,,,,2010-08-21T00:00:00Z,After,True
Avispa asiatica,-4CISzBmqSs,Avispa Asiatica bloqueando colmenas,,2023-08-20T14:18:50Z,La Pepita Dorada,"40.0, -3.7",https://www.youtube.com/watch?v=-4CISzBmqSs,2614.0,28.0,2.0,Haz troyanos | Que bien,Vespa_velutina,Avispa asiatica,2023-08-20T14:18:50Z,,,2023-08-20 14:18:50,,GEO,,,,,Insects,established,2011.0,,,,2010-08-21T00:00:00Z,After,True
Avispa asiatica,8q-I_XYfnbM,AVISPA ASIATICA,,2023-08-20T08:11:21Z,La Pepita Dorada,"40.0, -3.7",https://www.youtube.com/watch?v=8q-I_XYfnbM,2292.0,38.0,0.0,,Vespa_velutina,Avispa asiatica,2023-08-20T08:11:21Z,en,,2023-08-20 08:11:21,,GEO,,,,,Insects,established,2011.0,,,,2010-08-21T00:00:00Z,After,True
Avispa asiatica,CX2nuNlERE0,Avispa Asiatica en España,Estas avispas asiaticas han sido grabadas en españa.,2019-10-08T02:32:45Z,CISCUS79,"40.0, -3.7",https://www.youtube.com/watch?v=CX2nuNlERE0,660.0,9.0,3.0,"Es una avispa oriental no es la velutina ni el cabro se la conoce por tener una forma de energía solar gracias un saludo! | Tiene pinta de ser avispa cabro... Autóctona de aquí, se parece a la asiática... Un saludo | T.U.C         T.B.C       T.DJ",Vespa_velutina,Avispa asiatica,2019-10-08T02:32:45Z,es,Spain,2019-10-08 02:32:45,,GEO,,,,,Insects,established,2011.0,,,,2010-08-21T00:00:00Z,After,True
Avispa asiatica,8bnOB7ZTKeI,"EXTERMINACION DE NIDO DE AVISPA ASIATICA, VESPA VELURINA NIGRITORAX",nido de avispas velutinas en un armario electrico fuera de servicio. es el tercer año consecutivo que quitamos nido del mismo.,2020-10-30T11:00:03Z,MIEL LA NABIZA,"40.0, -3.7",https://www.youtube.com/watch?v=8bnOB7ZTKeI,335.0,7.0,3.0,"wow this is great if you are feeding a chaotic bird, like being fed cendet birds, it must be good | Y que daño te hace llama a alguien que la saqué estás matando obreras  yo tengo y no hace nada",Vespa_velutina,Avispa asiatica,2020-10-30T11:00:03Z,es,Spain,2020-10-30 11:00:03,,GEO,,,,,Insects,established,2011.0,,,,2010-08-21T00:00:00Z,After,True
Avispa oriental,vSGF5kFtaVU,avispa oriental #humor #crecimientopersonal #naturaleza,,2025-03-12T20:00:36Z,la araña cósmica,"40.0, -3.7",https://www.youtube.com/watch?v=vSGF5kFtaVU,572.0,10.0,1.0,Poner colmenas,Vespa_orientalis,Avispa oriental,2025-03-12T20:00:36Z,es,Spain,2025-03-12 20:00:36,,GEO,,,,,Insects,alien,2012.0,,,,2012-06-01T12:00:00Z,After,True
Avispilla del castano,1uii_UmIQIc,Estrategia y perspectivas del control biológico de la avispilla del castaño en Castilla y León.,Vicente Rodríguez. Juan Carlos Dominguez. Dirección General del Patrimonio Natural y Política Forestal. Junta de Castilla y ...,2019-11-29T10:17:10Z,Universidad de León,"40.0, -3.7",https://www.youtube.com/watch?v=1uii_UmIQIc,104.0,0.0,0.0,,Dryocosmus_kuriphilus,Avispilla del castano,2019-11-29T10:17:10Z,es,Spain,2019-11-29 10:17:10,,GEO,,,,,Insects,alien,2012.0,,,,2012-06-01T12:00:00Z,After,True
Avispilla del castano,NF-yPCSsA4U,Avances y situación actual en el control de la avispilla del castaño  en España.,"Jose García Gámez. Roberto Sanz Díaz. Ministerio de Agricultura, Pesca y Alimentación. Jornadas Técnico Científicas, X ...",2019-11-29T10:10:15Z,Universidad de León,"40.0, -3.7",https://www.youtube.com/watch?v=NF-yPCSsA4U,38.0,0.0,0.0,,Dryocosmus_kuriphilus,Avispilla del castano,2019-11-29T10:10:15Z,gl,Spain,2019-11-29 10:10:15,,GEO,,,,,Insects,alien,2012.0,,,,2012-06-01T12:00:00Z,After,True
Avispilla del castano,3IgXHcKLihE,El mundo de las AGALLAS,"Diego Gil Tapetado, zoologo, especialista en la avispilla del castaño y su control biológico, y miembro de la asociación ...",2021-04-24T22:20:26Z,Arboreto Luis Ceballos (ArboretoLC),"40.0, -3.7",https://www.youtube.com/watch?v=3IgXHcKLihE,703.0,32.0,9.0,"Tuve el placer de escuchar a Diego en una charla sobre la avispilla del castaño, fue un auténtico lujo por su forma de mostrar y el conocimiento brutal sobre el tema y otros temas. Muchas gracias por compartirlo. | Sin palabras, fascinante. Muchísimas gracias por descubrirme el mundo de las agallas. | Fantástica forma de introducir al mundo de las agallas. ¡Muchas gracias!
En el vídeo Diego habla de un artículo de nieves-Aldrey. Podríais decir el título? Gracias de antemano | Fantástica conferencia. Interesantísima, la voy a utilizar con vuestro permiso para ponérsela a mis alumnos. Gracias!! | Lo he podido ver en diferido y me ha parecido muy enriquecedor poder aprender tantas cosas en un espacio tan corto de tiempo. Entiendo que este canal tiene un público con amplios conocimientos y que partís de esa base, pero me hubiera gustado que hubiera una parte con un tono menos científico y que luego pudiéramos aplicarlo a un perfil menos preparado y que pudiera ser una herramienta de conocimiento para todos.
Gracias por acercarnos el Arboreto para todos aquellos que no podemos subir a realizar las actividades tanto como nos gustaría.",Dryocosmus_kuriphilus,Avispilla del castano,2021-04-24T22:20:26Z,es,Spain,2021-04-24 22:20:26,,GEO,,,,,Insects,alien,2012.0,,,,2012-06-01T12:00:00Z,After,True
Balistoides conspicillum,F7x8LUIzgyE,Balistoides conspicillum par Fabrice Ortin clown trigger,"Balistes clown en stock en avril 2019 , réservez le votre c est le moment 0164682991.",2019-04-08T08:22:35Z,ALL MARINE,"40.0, -3.7",https://www.youtube.com/watch?v=F7x8LUIzgyE,1799.0,54.0,3.0,Ils sont tous de même taille donc de l'élevage ? | Cool des poissons qui mangent en plus !!! Lol 👍👍👍 | Trop beau poisson :))),Balistoides_conspicillum,Balistoides conspicillum,2019-04-08T08:22:35Z,fr,,2019-04-08 08:22:35,,GEO,,,,,Fishes,uncertain,2012.0,,,,2012-06-01T12:00:00Z,After,True
Barnacla canadiense,qiY4RpbDLg0,Barnacla canadiense grande. Vuelta Ostrera.,,2024-04-26T22:11:31Z,Chencho FF,"40.0, -3.7",https://www.youtube.com/watch?v=qiY4RpbDLg0,271.0,13.0,0.0,,Branta_canadensis,Barnacla canadiense,2024-04-26T22:11:31Z,en,,2024-04-26 22:11:31,,GEO,,,,,Birds,established,2008.0,,,,2008-06-01T12:00:00Z,After,True
Bemisia tabaci,5IZUACi1eqc,"Aplicación de Principios de la Gestión Integrada de Plagas hortícolas protegidos [Vícar, 3/12/2021]",Primer Principio de Gestión Integrada de Plagas en Andalucía. Muestreo de mosca blanca (Bemisia tabaci) y de Virus de Nueva ...,2021-12-27T10:15:00Z,"Agricultura, Pesca, Agua y Desarrollo Rural","40.0, -3.7",https://www.youtube.com/watch?v=5IZUACi1eqc,137.0,5.0,0.0,,Bemisia_tabaci,Bemisia tabaci,2021-12-27T10:15:00Z,es,Spain,2021-12-27 10:15:00,,GEO,,,,,Insects,alien,2006.0,,,,2006-06-01T12:00:00Z,After,True
Bemisia tabaci,IiOmqN_vGFg,"Gestión Integrada de Plagas en hortícolas protegidos [Níjar, 30/09/2021]",Aplicación del Primer Principio de Gestión Integrada de Plagas en Andalucía. Muestreo de mosca blanca (Bemisia tabaci) y Tuta ...,2021-10-21T16:30:58Z,"Agricultura, Pesca, Agua y Desarrollo Rural","40.0, -3.7",https://www.youtube.com/watch?v=IiOmqN_vGFg,617.0,8.0,0.0,,Bemisia_tabaci,Bemisia tabaci,2021-10-21T16:30:58Z,es,Spain,2021-10-21 16:30:58,,GEO,,,,,Insects,alien,2006.0,,,,2006-06-01T12:00:00Z,After,True
Bemisia tabaci,UYVgsBKXIX0,"Aplicación de Principios de Gestión Integrada de Plagas en hortícolas protegidos [Vícar, 22/12/2021]","Primer Principio de Gestión Integrada de Plagas en Andalucía. Muestreo de mosca blanca (Bemisia tabaci), Trips (Frankliniella ...",2021-12-28T10:00:10Z,"Agricultura, Pesca, Agua y Desarrollo Rural","40.0, -3.7",https://www.youtube.com/watch?v=UYVgsBKXIX0,100.0,2.0,0.0,,Bemisia_tabaci,Bemisia tabaci,2021-12-28T10:00:10Z,es,Spain,2021-12-28 10:00:10,,GEO,,,,,Insects,alien,2006.0,,,,2006-06-01T12:00:00Z,After,True
Bemisia tabaci,vvFSHwYqAIg,"Gestión Integrada de Plagas en hortícolas protegidos [Níjar, 15/10/2021]","Aplicación del Primer Principio de Gestión Integrada de Plagas en Andalucía. Muestreo de mosca blanca (Bemisia tabaci), Tuta ...",2021-11-02T12:00:21Z,"Agricultura, Pesca, Agua y Desarrollo Rural","40.0, -3.7",https://www.youtube.com/watch?v=vvFSHwYqAIg,182.0,7.0,0.0,,Bemisia_tabaci,Bemisia tabaci,2021-11-02T12:00:21Z,es,Spain,2021-11-02 12:00:21,,GEO,,,,,Insects,alien,2006.0,,,,2006-06-01T12:00:00Z,After,True
Bemisia tabaci,HNl_8fATRAw,"Gestión Integrada de Plagas en hortícolas protegidos [Níjar, 22/09/2021]",Aplicación del Primer Principio de Gestión Integrada de Plagas en Andalucía. Muestreo de la mosca blanca (Bemisia tabaci) y ...,2021-09-29T09:45:01Z,"Agricultura, Pesca, Agua y Desarrollo Rural","40.0, -3.7",https://www.youtube.com/watch?v=HNl_8fATRAw,144.0,9.0,0.0,,Bemisia_tabaci,Bemisia tabaci,2021-09-29T09:45:01Z,es,Spain,2021-09-29 09:45:01,,GEO,,,,,Insects,alien,2006.0,,,,2006-06-01T12:00:00Z,After,True
Branta canadensis,J0STRZOKkkk,Bernikla kanadyjska (Branta canadensis),Bernikla kanadyjska (Branta canadensis) to ptak z grupy gęśców. Samiec jest ubarwiony tak samo jak samica. Głowa i szyja są ...,2025-04-18T09:02:26Z,Media Nauka,"40.0, -3.7",https://www.youtube.com/watch?v=J0STRZOKkkk,57.0,1.0,0.0,,Branta_canadensis,Branta canadensis,2025-04-18T09:02:26Z,,,2025-04-18 09:02:26,,GEO,,,,,Birds,established,2008.0,,,,2008-06-01T12:00:00Z,After,True
Branta canadensis,xLUIfLV_yDM,La Bernache du Canada 🪿 Short video documentary 4k 2023 ( Branta canadensis ),"La Bernache du Canada ( Branta canadensis ) est une espèce de grands oiseaux de la famille des anatidés. Le cou, le bec et la ...",2023-09-24T20:30:05Z,Ana Photography Bretagne,"40.0, -3.7",https://www.youtube.com/watch?v=xLUIfLV_yDM,99.0,10.0,8.0,👍 | Magnifique.. Merci infiniment Ana 😊🙏 | 🍃🕊️❤️🙏 Superbe 👍 | Magnifique ❤️❤️🦆🦆🦆🦆🦆,Branta_canadensis,Branta canadensis,2023-09-24T20:30:05Z,,,2023-09-24 20:30:05,,GEO,,,,,Birds,established,2008.0,,,,2008-06-01T12:00:00Z,After,True
Bursaphelenchus xylophilus,XVyhcvA5SUI,Control Biológico del nematodo del pino,"El nematodo del pino (""Bursaphelenchus xylophilus"") es un organismo nocivo que causa una enfermedad llamada seca o ...",2023-08-24T13:00:33Z,Misión Biológica de Galicia - CSIC,"40.0, -3.7",https://www.youtube.com/watch?v=XVyhcvA5SUI,904.0,10.0,0.0,,Bursaphelenchus_xylophilus,Bursaphelenchus xylophilus,2023-08-24T13:00:33Z,es,Spain,2023-08-24 13:00:33,,GEO,,,,,Non-arthropod invertebrates,established,2008.0,,,,2008-06-01T12:00:00Z,After,True
Caloenas nicobarica,nX0eXDABBlg,Nicobar Pigeons,"Zoo... Beautiful pair of Nicobar Pigeons (Caloenas nicobarica) Bioparc, Fuengirola, Spain also known as; яллы күгәрсен ...",2022-09-23T15:00:27Z,Bird Jamboree,"40.0, -3.7",https://www.youtube.com/watch?v=nX0eXDABBlg,1417.0,48.0,2.0,That is an amazing pigeon | Wonderful    😍😍😍😍,Caloenas_nicobarica,Caloenas nicobarica,2022-09-23T15:00:27Z,,,2022-09-23 15:00:27,,GEO,,,,,Birds,casual,2008.0,,,,2008-06-01T12:00:00Z,After,True
Ceratitis capitata,HLSKtRmjDug,La mosca de la fruta (Ceratitis capitata) ataca a los frutales de hueso y cítricos,El forero Cateret nos facilita este vídeo donde apreciamos un ataque de mosca del Mediterráneo a una nectarina. Si quieres leer ...,2023-06-15T21:24:56Z,Zona Agraria,"40.0, -3.7",https://www.youtube.com/watch?v=HLSKtRmjDug,119.0,,0.0,,Ceratitis_capitata,Ceratitis capitata,2023-06-15T21:24:56Z,es,Spain,2023-06-15 21:24:56,,GEO,,,,,Insects,established,2006.0,,,,2006-06-01T12:00:00Z,After,True
Ceratitis capitata,2ZNZLxhlZyA,"Control automático de Ceratitis capitata en explotación Demofarm de La Rinconada, Sevilla.",Sistema de monitoreo automatizado para la mosca de la fruta Ceratitis Capitata. En el interior de la trampa se coloca un rollo ...,2024-03-26T12:13:34Z,"Agricultura, Pesca, Agua y Desarrollo Rural","40.0, -3.7",https://www.youtube.com/watch?v=2ZNZLxhlZyA,46.0,0.0,0.0,,Ceratitis_capitata,Ceratitis capitata,2024-03-26T12:13:34Z,,,2024-03-26 12:13:34,,GEO,,,,,Insects,established,2006.0,,,,2006-06-01T12:00:00Z,After,True
Ceratitis capitata,9XBHcMk03A0,Développement de l&#39;agriculture SAFMAH,La cératite (ceratitis capitata),2019-07-11T16:13:38Z,Développement de l'agriculture SAFMAH,"40.0, -3.7",https://www.youtube.com/watch?v=9XBHcMk03A0,32.0,10.0,0.0,,Ceratitis_capitata,Ceratitis capitata,2019-07-11T16:13:38Z,en,,2019-07-11 16:13:38,,GEO,,,,,Insects,established,2006.0,,,,2006-06-01T12:00:00Z,After,True
Ceratitis capitata,xWFnRgC3PjE,Mosca da fruta em folha de pessegueiro,Ceratitis capitata Mosca-da-Fruta-Do-Mediterrâneo O adulto é uma mosca com 4 a 6 mm de comprimento (tamanho inferior ao da ...,2023-05-22T14:39:13Z,Natureza,"40.0, -3.7",https://www.youtube.com/watch?v=xWFnRgC3PjE,342.0,11.0,0.0,,Ceratitis_capitata,Ceratitis capitata,2023-05-22T14:39:13Z,pt,Portugal,2023-05-22 14:39:13,,GEO,,,,,Insects,established,2006.0,,,,2006-06-01T12:00:00Z,After,True
Ceratitis capitata,mSb6ZOj6kmA,El pimiento de Almería se vuelve a abrir al mercado de Estados Unidos,"La ceratitis capitata, mosca mediterránea de la fruta, provocó el pasado 29 de diciembre de 2022 que Estados Unidos cerrara las ...",2024-01-24T19:34:44Z,ADN TV,"40.0, -3.7",https://www.youtube.com/watch?v=mSb6ZOj6kmA,537.0,1.0,0.0,,Ceratitis_capitata,Ceratitis capitata,2024-01-24T19:34:44Z,es,Spain,2024-01-24 19:34:44,,GEO,,,,,Insects,established,2006.0,,,,2006-06-01T12:00:00Z,After,True
Ceratitis capitata,bcH7EiDPRM8,El pimiento de Almería se vuelve a abrir al mercado de Estados Unidos #shorts #noticias #economia,"La ceratitis capitata, mosca mediterránea de la fruta, provocó el pasado 29 de diciembre de 2022 que Estados Unidos cerrara las ...",2024-01-24T19:34:15Z,ADN TV,"40.0, -3.7",https://www.youtube.com/watch?v=bcH7EiDPRM8,115.0,3.0,0.0,,Ceratitis_capitata,Ceratitis capitata,2024-01-24T19:34:15Z,es,Spain,2024-01-24 19:34:15,,GEO,,,,,Insects,established,2006.0,,,,2006-06-01T12:00:00Z,After,True
Cerdo vietnamita,RfxKwlbuyHc,✅TUVE UN CERDO VIETNAMITA DE MASCOTA✅,TUVE UN CERDO VIETNAMITA DE MASCOTA ✓ ➰ A petición de un seguidor en los comentarios me hago este ...,2024-01-10T23:45:32Z,Mako_ZVZ,"40.0, -3.7",https://www.youtube.com/watch?v=RfxKwlbuyHc,80.0,8.0,2.0,❤❤❤,Sus_scrofa_var_domestica_raza_vietnamita,Cerdo vietnamita,2024-01-10T23:45:32Z,es,Spain,2024-01-10 23:45:32,,GEO,,,,,,,,,,,,,True
Cerdo vietnamita,WO73mnWXyd8,Cerdo vietnamita mini pig en la granja 🐗 VYGLAMS,"Hola, bienvenido a VYGLAMS. Hoy presentamos al cerdo vietnamita o mini pig (aunque no tan mini; estos son gigantes) en una ...",2019-12-06T15:12:23Z,Vyglams,"40.0, -3.7",https://www.youtube.com/watch?v=WO73mnWXyd8,518.0,3.0,0.0,,Sus_scrofa_var_domestica_raza_vietnamita,Cerdo vietnamita,2019-12-06T15:12:23Z,,,2019-12-06 15:12:23,,GEO,,,,,,,,,,,,,True
Cerdo vietnamita,n8eIWgyj4Ac,Zoo de Madrid - Cerdo vietnamita #shortsanimalsvideos #shorts,29/04/25 - Visita al Zoo Aquarium de Madrid. Video del cerdo vietnamita. ¿QUIÉN ES? Las características morfológicas del Cerdo ...,2025-05-22T22:21:37Z,Todo temas,"40.0, -3.7",https://www.youtube.com/watch?v=n8eIWgyj4Ac,1358.0,10.0,0.0,,Sus_scrofa_var_domestica_raza_vietnamita,Cerdo vietnamita,2025-05-22T22:21:37Z,,,2025-05-22 22:21:37,,GEO,,,,,,,,,,,,,True
Cerdo vietnamita,ke1axd1pk48,Cerdolis Raval Universitari 280321,Se encontró con el cerdo vietnamita cuando paseaba con su perra. No hubo víctimas.,2021-03-29T17:37:36Z,Castellón Información,"40.0, -3.7",https://www.youtube.com/watch?v=ke1axd1pk48,166.0,0.0,,,Sus_scrofa_var_domestica_raza_vietnamita,Cerdo vietnamita,2021-03-29T17:37:36Z,es,Spain,2021-03-29 17:37:36,,GEO,,,,,,,,,,,,,True
Cerdo vietnamita,IF3xe9lab88,"Pedro C, el gracioso cerdo vietnamita #granjaescuelacamelot #animalessueltos #cerdo #cerdovietnamita",Pedro C es un cerdo vietnamita que encontró abandonado el centro de recogida de animales de Talavera de la Reina.,2025-01-16T19:21:06Z,Granja Escuela Camelot,"40.0, -3.7",https://www.youtube.com/watch?v=IF3xe9lab88,583.0,14.0,0.0,,Sus_scrofa_var_domestica_raza_vietnamita,Cerdo vietnamita,2025-01-16T19:21:06Z,es,Spain,2025-01-16 19:21:06,,GEO,,,,,,,,,,,,,True
Cerdo vietnamita,Pl6OmCbiYaE,Nuestro cerdo vietnamita Pedro C #uniendocorazones #animalesdegranja #animalesfelices #cerdos #pigs,,2025-02-02T16:22:54Z,Uniendo Corazones. Terapias con animales.,"40.0, -3.7",https://www.youtube.com/watch?v=Pl6OmCbiYaE,426.0,5.0,0.0,,Sus_scrofa_var_domestica_raza_vietnamita,Cerdo vietnamita,2025-02-02T16:22:54Z,es,Spain,2025-02-02 16:22:54,,GEO,,,,,,,,,,,,,True
Cerdo vietnamita,ePyPeuU5wmg,Amor interespecie 🤣,Yo dando cariñitos a mi cerdo vietnamita mezclado con jabalí. Tiene ya 12 años.,2023-02-11T10:36:42Z,Encantabria_de_la_vida,"40.0, -3.7",https://www.youtube.com/watch?v=ePyPeuU5wmg,101.0,4.0,1.0,No está agusto ni nada jajaja,Sus_scrofa_var_domestica_raza_vietnamita,Cerdo vietnamita,2023-02-11T10:36:42Z,es,Spain,2023-02-11 10:36:42,,GEO,,,,,,,,,,,,,True
Cherax quadricarinatus,WMcUabaFnzk,Écrevisse australienne - Cherax Quadricarinatus (Ecrevisse bleue tigrée),Aquaculture industry fish farming techniques sustainable aquaculture aquaculture equipment aquaculture production aquaculture ...,2022-04-18T22:21:03Z,Pisciculture Marocaine,"40.0, -3.7",https://www.youtube.com/watch?v=WMcUabaFnzk,105.0,2.0,0.0,,Cherax_quadricarinatus,Cherax quadricarinatus,2022-04-18T22:21:03Z,en,,2022-04-18 22:21:03,,GEO,,,,,Crustaceans,alien,2013.0,,,,2013-06-01T12:00:00Z,After,True
Cherax quadricarinatus,JQawAe72njA,Cherax quadricarinatus. Langosta Azul de acuario,Cherax quadricarinatus. Langosta Azul de acuario. #cherax #langosta #azul #acuario #acuariofilia.,2024-10-24T09:24:23Z,My Shrimp House,"40.0, -3.7",https://www.youtube.com/watch?v=JQawAe72njA,714.0,35.0,4.0,Se pueden cruzar estas con la variedad zebra ? | Yo quiero una que bonitas,Cherax_quadricarinatus,Cherax quadricarinatus,2024-10-24T09:24:23Z,es,Spain,2024-10-24 09:24:23,,GEO,,,,,Crustaceans,alien,2013.0,,,,2013-06-01T12:00:00Z,After,True
Chinche apestosa,gp5yVg_gS9I,¡Descubre el Mundo de la Chinche Apestosa! 🦠🌿 | Animales Divertidos Para Niños!,Hola exploradores! Bienvenidos a otra aventura educativa en Animales Divertidos Para Niños ✨ Hoy viajamos al mundo de los ...,2025-04-03T06:00:29Z,Animales Divertidos Para Niños,"40.0, -3.7",https://www.youtube.com/watch?v=gp5yVg_gS9I,193.0,2.0,0.0,,Halyomorpha_halys,Chinche apestosa,2025-04-03T06:00:29Z,es,Spain,2025-04-03 06:00:29,,GEO,,,,,Insects,alien,2016.0,,,,2014-10-01T00:00:00Z,After,True
Chinche apestosa,8irmJfI5194,Chinche apestosa. (Me encontré esta chinche apestosa) os cuento sobre ella ✨ #chincheapestosa,,2024-04-16T14:16:57Z,Los bichos de Samuel,"40.0, -3.7",https://www.youtube.com/watch?v=8irmJfI5194,71.0,3.0,,,Halyomorpha_halys,Chinche apestosa,2024-04-16T14:16:57Z,pt,Portugal,2024-04-16 14:16:57,,GEO,,,,,Insects,alien,2016.0,,,,2014-10-01T00:00:00Z,After,True
Cisne cuello negro,2izJfR4Okpo,Cisne cuello negro Cisne cuello Blanco        Cover    Dilan Blanco 🪄,Vals Peruano.,2025-02-05T22:08:36Z,Dilan Blanco🪽,"40.0, -3.7",https://www.youtube.com/watch?v=2izJfR4Okpo,120.0,3.0,0.0,,Cygnus_melancoryphus,Cisne cuello negro,2025-02-05T22:08:36Z,es,Spain,2025-02-05 22:08:36,,GEO,,,,,Birds,alien,2014.0,,,,2014-06-01T12:00:00Z,After,True
Cisne cuello negro,MWF8fH12E4g,Cisne cuello negro ...Cover 🎧 Dilan Blanco 🪄,Vals Peruano.,2025-07-15T21:31:23Z,Dilan Blanco🪽,"40.0, -3.7",https://www.youtube.com/watch?v=MWF8fH12E4g,17.0,0.0,0.0,,Cygnus_melancoryphus,Cisne cuello negro,2025-07-15T21:31:23Z,,,2025-07-15 21:31:23,,GEO,,,,,Birds,alien,2014.0,,,,2014-06-01T12:00:00Z,After,True
Cisne cuello negro,PHqKoemEXaA,Cisne cuello Negro   🎧.          Dilan Blanco 🪄,Vals Peruano.,2025-07-15T21:48:21Z,Dilan Blanco🪽,"40.0, -3.7",https://www.youtube.com/watch?v=PHqKoemEXaA,48.0,0.0,0.0,,Cygnus_melancoryphus,Cisne cuello negro,2025-07-15T21:48:21Z,es,Spain,2025-07-15 21:48:21,,GEO,,,,,Birds,alien,2014.0,,,,2014-06-01T12:00:00Z,After,True
Codorniz china,71bhcgbvWeQ,Codornices chinas en incubadora casera,Pollitos de codorniz china en criadora con bombillas o focos de calor para comenzar su alimentación y crecimiento después de la ...,2022-03-24T00:06:10Z,Incubadoras caseras,"40.0, -3.7",https://www.youtube.com/watch?v=71bhcgbvWeQ,1139.0,34.0,1.0,"ESTE ES NUESTRO CANAL
https://www.youtube.com/channel/UC6M9PQAwU-qnTi4tWSaCmkw?sub_confirmation=1",Synoicus_chinensis,Codorniz china,2022-03-24T00:06:10Z,es,Spain,2022-03-24 00:06:10,,GEO,,,,,Birds,alien,2006.0,,,,2006-06-01T12:00:00Z,After,True
Codorniz china,g5c1uxyvE0s,Incubación y cría de la codorniz china,Parámetros de incubación de huevos de codornices chinas en incubadora casera. Humedad relativa y temperatura de ...,2023-08-09T21:32:43Z,HECHO EN CASA,"40.0, -3.7",https://www.youtube.com/watch?v=g5c1uxyvE0s,1994.0,26.0,11.0,"ESTE ES NUESRO CANAL
https://www.youtube.com/channel/UC-O72S4JLFiDhQ0TJBRB_Ng?sub_confirmation=1 | Hola intenté sacar 12 de estos y la mayoría tiene un aro de sangre, sabes por que pasa esto? | Buenas.a los cuantos días se empiesan a voltear los huevos? | Me gustan pero son muy ruidosos | Gracias | El gallináceo mas pequeño !",Synoicus_chinensis,Codorniz china,2023-08-09T21:32:43Z,es,Spain,2023-08-09 21:32:43,,GEO,,,,,Birds,alien,2006.0,,,,2006-06-01T12:00:00Z,After,True
Codorniz china,WfzKKmzn0dk,Codorniz saliendo del huevo | El Sueño Jardín botánico,Subscríbete a nuestro canal https://www.youtube.com/carrascodream @elsuenojardinbotanico www.thedream.es Codorniz china ...,2017-06-18T21:41:11Z,El Sueño Jardín Botánico,"40.0, -3.7",https://www.youtube.com/watch?v=WfzKKmzn0dk,40.0,1.0,0.0,,Synoicus_chinensis,Codorniz china,2017-06-18T21:41:11Z,es,Spain,2017-06-18 21:41:11,,GEO,,,,,Birds,alien,2006.0,,,,2006-06-01T12:00:00Z,After,True
Codorniz china,-bMOUKWPnf8,Nacimiento de pollitos de codorniz china de manera natural,"Me han nacido muchas veces pollitos de codorniz china en incubadora, pero nunca de manera natural. Os hago partícipes del ...",2023-07-08T22:42:24Z,El Gallinero Feliz,"40.0, -3.7",https://www.youtube.com/watch?v=-bMOUKWPnf8,1559.0,65.0,14.0,"Paquita , que bonito tu aviario , no conocía las codornices chinas , que pena que no sean buenas madres , que buena maña te das para resolver todas las dificultades que te van surgiendo en el día a día con tus animales , un abrazo | Me gustan las codornices chinas… Vere donde puedo conseguir un par de ellas | Yo crío codornices y ninguna se ha echado , pero si he sacado pollitos con una incubadora que yo mismo cree… El punto está si no quieres que mueran los pollitos debes brindarle más calor cuando nacen , cuando nacen a mi no se me mueren ninguno porque busco una caja grande y le pongo una bombilla de Calor el cual dejo encendida hasta que tengan plumas y eso evita que mueran. | Me encantan tus vídeos paquita✌️ | Que lindos los pollitos ❤.  Lo tienes precioso 💖 | La felicito la sigo | Guauu que bonitos y que apasionada por las aves de los mejores canales que he visto enseñando con sinceridad toda su granja felicidades!",Synoicus_chinensis,Codorniz china,2023-07-08T22:42:24Z,es,Spain,2023-07-08 22:42:24,,GEO,,,,,Birds,alien,2006.0,,,,2006-06-01T12:00:00Z,After,True
Codorniz china,w1gh5V3dKH4,"Incubación de huevos de codorniz china, japónica y Jumbo en incubadora casera",,2025-02-27T19:07:23Z,Incubadoras caseras,"40.0, -3.7",https://www.youtube.com/watch?v=w1gh5V3dKH4,742.0,22.0,2.0,"Buen día, las codornices chinas como les fue",Synoicus_chinensis,Codorniz china,2025-02-27T19:07:23Z,,,2025-02-27 19:07:23,,GEO,,,,,Birds,alien,2006.0,,,,2006-06-01T12:00:00Z,After,True
Codorniz china,5mlaz-M74O8,Nacen los mini pollitos de codorniz china y damos de comer a los agapornis papilleros de mi amiga,En este video os muestro los últimos nacimientos de pollitos de codorniz china. Estamos haciendo de canguro con unos ...,2024-02-26T19:58:59Z,El Gallinero Feliz,"39.6, 3.0",https://www.youtube.com/watch?v=5mlaz-M74O8,1695.0,53.0,16.0,"👍👍 | AY ESTA MI LIKE AMIGA | Bonito canal Paquita | No los había visto nunca | Buenos días k bonitos son porfavor | Hola Paqui , que bonitos los pollitos , recien nacidos , que ternura , y los agapornis preciosos que bien comen su papilla , es el primer video que veo en tu canal y te diré que me encanta , un abrazo desde Galicia | Acabo de ver el video completo de este short. Alli no me deja comentar, no se si desactivaste los comentarios sin querer o algo. Cuando tengas pollitos asi debiles, prueba a ponerles un poco de azucar en el agua, les da una fuerza de narices. Nosotros antes recibiamos pollitos pequeños y en verano a veces me los tenian en medio de la pista con la calor y me llegaban medio muertos. Con el azucar los reviviamos | Que  cosita mas pequeña las codornices  chinas ,un vídeo muy entretenido 👍. | hola a ver si nos haces un video en tu aviario y como crias tus pequeñas aves exoticas un saludo",Synoicus_chinensis,Codorniz china,2024-02-26T19:58:59Z,,,2024-02-26 19:58:59,,GEO,,,,,Birds,alien,2006.0,,,,2006-06-01T12:00:00Z,After,True
Corvus albus,dLpaxv4cbBM,Le Corbeau pie est intelligent -  Le Domaine des Fauves -  Les Abrets  (Isère) France,Visite au Domaine des Fauves - Les Abrets - Idère - France Observation du comportement du Corbeau-pie (Corvus albus - Pied ...,2019-01-17T09:04:56Z,Maryka46,"40.0, -3.7",https://www.youtube.com/watch?v=dLpaxv4cbBM,3307.0,10.0,,,Corvus_albus,Corvus albus,2019-01-17T09:04:56Z,fr,,2019-01-17 09:04:56,,GEO,,,,,Birds,alien,2015.0,,,,2015-06-01T12:00:00Z,After,True
Corvus albus,ApZ_0T85rhA,CUERVO PÍO VS. CERNÍCALO en Gran Canaria #cuervo #birds #cernícalo,Cuervo pío y cernícalo vulgar en Las Palmas de Gran Canaria. Hospital Dr. Negrín #raven #Corvus albus.,2024-03-30T15:29:54Z,Natural Moments,"28.3, -16.6",https://www.youtube.com/watch?v=ApZ_0T85rhA,6888.0,94.0,0.0,,Corvus_albus,Corvus albus,2024-03-30T15:29:54Z,es,Spain,2024-03-30 15:29:54,,GEO,,,,,Birds,alien,2015.0,,,,2015-06-01T12:00:00Z,After,True
Corvus albus,fRHLvN2Kcts,Avistamiento de CUERVO PÍO africano #corvus #corvusalbus #grancanaria,"Cuervo pío (Corvus albus), observado en el Centro Comercial El Mirador (Gran Canaria), el 22 de julio de 2025 #cuervo.",2025-07-23T09:09:12Z,Natural Moments,"28.3, -16.6",https://www.youtube.com/watch?v=fRHLvN2Kcts,1863.0,13.0,2.0,"Los trajo una plataforma petrolífera,los tienen para espantar alas gaviotas y charranes,están en parejas en la Isleta…",Corvus_albus,Corvus albus,2025-07-23T09:09:12Z,es,Spain,2025-07-23 09:09:12,,GEO,,,,,Birds,alien,2015.0,,,,2015-06-01T12:00:00Z,After,True
Cotonet de Sudafrica,C3c7VhCfyXE,productos recomendados por la GV a los agricultores para paliar la plaga del cotonet de Sudáfrica,Aguirre critica la inutilidad de los productos recomendados por la Generalitat a los agricultores para paliar la plaga del cotonet de ...,2020-06-17T10:00:11Z,Apoyo VOX Valencia,"40.0, -3.7",https://www.youtube.com/watch?v=C3c7VhCfyXE,95.0,18.0,1.0,Viva vox💚💚💚,Delottococcus_aberiae,Cotonet de Sudafrica,2020-06-17T10:00:11Z,es,Spain,2020-06-17 10:00:11,,GEO,,,,,Insects,alien,2009.0,,,,2009-06-01T12:00:00Z,After,True
Cuerno de alce,YmhPx3_7FwI,Reproducción de Cuerno de Alce #helechos #ferns #cuernos #蕨类植物 #fern #staghorn #staghornfern #garden,,2025-07-26T18:44:51Z,El Jardín de Inma,"40.0, -3.7",https://www.youtube.com/watch?v=YmhPx3_7FwI,1605.0,10.0,0.0,,Platycerium_bifurcatum,Cuerno de alce,2025-07-26T18:44:51Z,,,2025-07-26 18:44:51,,GEO,,,,,Plants,established,2017.0,,,,2017-06-01T12:00:00Z,After,True
Cuerno de alce,bGVa2ylCqvk,Reproducción de Cuerno de Alce #platycerium #elkhorn #ferns #fern #helechos #forest #greenplants,,2025-01-06T17:13:55Z,El Jardín de Inma,"40.0, -3.7",https://www.youtube.com/watch?v=bGVa2ylCqvk,1398.0,28.0,0.0,,Platycerium_bifurcatum,Cuerno de alce,2025-01-06T17:13:55Z,es,Spain,2025-01-06 17:13:55,,GEO,,,,,Plants,established,2017.0,,,,2017-06-01T12:00:00Z,After,True
Cuerno de alce,qo-UqfVN5_U,Platycerium arcicorne / Helecho cuerno de alce - Sandra Villar Garden &amp; Home,"Hola chic@s, hoy tenemos como invitada especial a este hermoso Platycerium arcicorne, más conocido como Helecho cuerno de ...",2021-08-29T21:22:02Z,Sandra Villar GARDEN & HOME,"40.0, -3.7",https://www.youtube.com/watch?v=qo-UqfVN5_U,218.0,6.0,5.0,Se le tapan los risomas cafés? ? | En qué parte de Colombia vives ? | Me encanto sandra 😍 🥰 😍 ❤️  y la gata también 🤭🤭🤗,Platycerium_bifurcatum,Cuerno de alce,2021-08-29T21:22:02Z,es,Spain,2021-08-29 21:22:02,,GEO,,,,,Plants,established,2017.0,,,,2017-06-01T12:00:00Z,After,True
Cuerno de alce,jf2ITjY4D1c,Trasplante de #helechos cuerno de alce #fern #plantas #tipsyoutube,,2025-04-01T09:10:15Z,Quiero Más Plantas 🪴,"40.0, -3.7",https://www.youtube.com/watch?v=jf2ITjY4D1c,2562.0,53.0,6.0,"Helecho | Helecho Gracias | Helecho | Helecho. Gracias❤ | Helecho 
Gracias por compartir",Platycerium_bifurcatum,Cuerno de alce,2025-04-01T09:10:15Z,es,Spain,2025-04-01 09:10:15,,GEO,,,,,Plants,established,2017.0,,,,2017-06-01T12:00:00Z,After,True
Cydalima perspectalis,vZJhBDu6RvI,la Pyrale du buis ? Cydalima perspectalis ?,,2023-08-19T22:40:43Z,red mephisto,"40.0, -3.7",https://www.youtube.com/watch?v=vZJhBDu6RvI,6.0,0.0,0.0,,Cydalima_perspectalis,Cydalima perspectalis,2023-08-19T22:40:43Z,,,2023-08-19 22:40:43,,GEO,,,,,Insects,established,2014.0,,,,2014-06-01T12:00:00Z,After,True
Drosophila suzukii,Gc77MQxjYN4,9º ENPM - SESSÃO 2 - FITOSANIDADE: DROSOPHILA SUZUKII E BACTROCERA DORSALIS,SESSÃO 2 - FITOSANIDADE: DROSOPHILA SUZUKII E BACTROCERA DORSALIS Vanda Batista (DRAPC) Plano de ação para ...,2020-10-11T15:03:44Z,ANPM-Associação Nacional de Produtores de Mirtilo,"40.0, -3.7",https://www.youtube.com/watch?v=Gc77MQxjYN4,246.0,3.0,1.0,Obrigado por partilhar 👍,Drosophila_suzukii,Drosophila suzukii,2020-10-11T15:03:44Z,,,2020-10-11 15:03:44,,GEO,,,,,Insects,alien,2008.0,,,,2008-06-01T12:00:00Z,After,True
Drosophila suzukii,VL9cBCux8g8,FILM IGP CERISE VENTOUX,"Interviews au sujet de la mouche ""drosophile du cerisier Drosophila suzukii Matsumura"" et les solutions apportées par les ...",2021-05-28T06:26:52Z,fruiventoux,"40.0, -3.7",https://www.youtube.com/watch?v=VL9cBCux8g8,345.0,3.0,0.0,,Drosophila_suzukii,Drosophila suzukii,2021-05-28T06:26:52Z,fr,,2021-05-28 06:26:52,,GEO,,,,,Insects,alien,2008.0,,,,2008-06-01T12:00:00Z,After,True
Drosophila suzukii,JEQ1n-EGrCs,DroFramb : suivi participatif des communautés de drosophiles en parcelles de productions fruitières,Projet de science participative DroFramb Réalisation d'un suivi annuel des populations de Drosophila suzukii au sein de ...,2022-11-18T09:46:24Z,OSERen Observatoire de Rennes,"40.0, -3.7",https://www.youtube.com/watch?v=JEQ1n-EGrCs,78.0,0.0,0.0,,Drosophila_suzukii,Drosophila suzukii,2022-11-18T09:46:24Z,fr,,2022-11-18 09:46:24,,GEO,,,,,Insects,alien,2008.0,,,,2008-06-01T12:00:00Z,After,True
Equisetum palustre,08zeaTHm0aM,Deux prêles 🌱 à reconnaître : Equisetum palustre E. fluviatile #jardin #equisetum,,2025-03-22T09:48:58Z,Equisetum,"40.0, -3.7",https://www.youtube.com/watch?v=08zeaTHm0aM,246.0,0.0,0.0,,Equisetum_palustre,Equisetum palustre,2025-03-22T09:48:58Z,fr,,2025-03-22 09:48:58,,GEO,,,,,Plants,established,2017.0,,,,2017-06-01T12:00:00Z,After,True
Equisetum palustre,WATjMfIUxkY,Prêle des marais - Equisetum palustre,,2025-03-13T16:00:13Z,Equisetum,"40.0, -3.7",https://www.youtube.com/watch?v=WATjMfIUxkY,555.0,3.0,0.0,,Equisetum_palustre,Equisetum palustre,2025-03-13T16:00:13Z,,,2025-03-13 16:00:13,,GEO,,,,,Plants,established,2017.0,,,,2017-06-01T12:00:00Z,After,True
Eruga del boix,EkomLDxFF1w,Proves pilot per combatre l&#39;eruga del boix,La plaga de la papallona del boix continua avançant al Ripollès i sembla que podria anar a més. Aquest any el nombre de ...,2020-07-25T08:00:04Z,Televisió del Ripollès,"40.0, -3.7",https://www.youtube.com/watch?v=EkomLDxFF1w,357.0,6.0,,,Cydalima_perspectalis,Eruga del boix,2020-07-25T08:00:04Z,ca,Spain,2020-07-25 08:00:04,,GEO,,,,,Insects,established,2014.0,,,,2014-06-01T12:00:00Z,After,True
Espatula rosada,c9_GGtA8G8Y,¿Cómo conseguir las plumas de Espátula rosada de RDR2?,En este nuevo tutorial de RDR2 os voy a enseñar la ubicación donde podremos encontrar espátulas rosadas para obtener sus ...,2024-08-01T15:13:45Z,AlexG10,"40.0, -3.7",https://www.youtube.com/watch?v=c9_GGtA8G8Y,2054.0,24.0,0.0,,Platalea_ajaja,Espatula rosada,2024-08-01T15:13:45Z,es,Spain,2024-08-01 15:13:45,,GEO,,,,,Birds,casual,2008.0,,,,2008-06-01T12:00:00Z,After,True
Espatula rosada,5QJTHN-jZ50,🦩 Espátula Rosada Baila en Charcos Mágicos con Pico Sensorial 🎵 | Animales Divertidos Para Niños,Descripción expandida para YouTube ¡Descubre el mundo sensorial de la espátula rosada! Esta ave rosa brillante con su ...,2025-06-25T06:00:05Z,Animales Divertidos Para Niños,"40.0, -3.7",https://www.youtube.com/watch?v=5QJTHN-jZ50,44.0,0.0,0.0,,Platalea_ajaja,Espatula rosada,2025-06-25T06:00:05Z,es,Spain,2025-06-25 06:00:05,,GEO,,,,,Birds,casual,2008.0,,,,2008-06-01T12:00:00Z,After,True
Gamba fantasma,41qRMKgYnCE,Gamba fantasma o gamba cristal,Gambas fritas con ensalada de pimientos asados y huevo frito Alsurdelsur.net.,2023-09-27T17:05:10Z,Reme Reina,"40.0, -3.7",https://www.youtube.com/watch?v=41qRMKgYnCE,2631.0,14.0,0.0,,Caprella_scaura,Gamba fantasma,2023-09-27T17:05:10Z,,,2023-09-27 17:05:10,,GEO,,,,,Crustaceans,alien,2009.0,,,,2009-06-01T12:00:00Z,After,True
Gorrion de Java,f3t77a-XNmY,ANIMALES PARA NIÑOS 04 - 2022,"En este vídeo veremos un periquito y un gorrión de java papilleros, una codorniz recién nacida, una tórtola turca pequeña, una ...",2022-04-01T18:28:11Z,"Jesus Gondi , Animales Del Sur","40.0, -3.7",https://www.youtube.com/watch?v=f3t77a-XNmY,1945.0,26.0,10.0,"Que bien se lo pasan, mira pare así los niños  que no  estan acostumbrados al campo y a los animales y vean estos videos aprenden un montón, te felicito muy buen video | Enhorabuena por el vídeo, a mis nenes les ha encantado!! | con tal que los cuiden bien, normal | Jesu esto es algo muy lindo el que vean a tus niñas acostumbradas a manejar los animales para mi eso es buenisimo estas son la futuras animalista pero de verdad gracias autoctono un saludo desde Málaga | Gracias por enseñarnos todos éstos animales. En casa nos gustan mucho. Son muy divertidos y siempre aprendemos cosas nuevas.",Lonchura_oryzivora,Gorrion de Java,2022-04-01T18:28:11Z,es,Spain,2022-04-01 18:28:11,,GEO,,,,,Birds,alien,2010.0,,,,2010-06-01T12:00:00Z,After,True
Haemorhous mexicanus,qgihohEZdZY,Haemorhous Mexicanus Opal - Camachuelo Megicano,"Es un fringilido de norte y centro de america, muy activo y cantor... Que es muy asiduo en toda Europa y con muy buena ...",2019-05-02T09:21:46Z,Pedro Rodriguez gonzalez (EXPOAVES SHOP),"40.0, -3.7",https://www.youtube.com/watch?v=qgihohEZdZY,513.0,8.0,0.0,,Haemorhous_mexicanus,Haemorhous mexicanus,2019-05-02T09:21:46Z,es,Spain,2019-05-02 09:21:46,,GEO,,,,,Birds,casual,2016.0,,,,2016-06-01T12:00:00Z,After,True
Halyomorpha halys,CWhsFstcNGo,HALYOMORPHA HALYS. PUNAISES DIABOLIQUES - SOLUTION NATURELLE,Merci à ceux & celles qui prendront le temps de cliquer ici pour s'abonner : http://urlr.me/Vytnf C'est par ce simple geste que vous ...,2019-09-01T12:20:28Z,Bonsaï Culture,"40.0, -3.7",https://www.youtube.com/watch?v=CWhsFstcNGo,26002.0,287.0,103.0,"Le savon noir c'est super , moi je l'utilise pour les pucerons , les punaises....1 l eau , 1c soupe de savon , 2 gouttes produit de vaisselle | L'ail les fait fuir! Aussi | Le dosage de savon noir/ L | Cette année, j'ai été envahi (Dordogne / Bergerac). Dans la maison, elles font des déjections (tâches de couleur marron d'environ 3 à 4 mm de diamètre). Très embêtant sur les fringues. | Qu'elles soient vertes ou diaboliques, mon voisin les collecte et les donne en pâture à ses poules qui se jettent littéralement dessus. Elles les adorent !
Et il n'y a aucune incidence sur le goût des oeufs 🙂 | Hoo, merci beaucoup pour cette solution du savon noir !!
Ça fait bien 2 ou 3 ans qu'on a des infestations de ces punaises, et ça continue, ça tient l'hiver.
ils se mettent aussi dans les volets déroulants, alors quand on baisse les volets, il y a des dizaines de punaises écrasés collés sur ces volets, c'est pas top, faut nettoyer ...
Pour les attraper quand ils sont sur le mur ou le plafond, j'utilise une boite d'allumette vide que je referme, ça fonctionne pour tout type d'insectes qu'on veut virer de chez soi. | Bonjour on est le 22 mars 2024 j aïs essayer le savon noir et selamarche très bien je les aïs laissées suer place pour savoir ci ça les tue ou ci elle reparte | Elle mon attaquer à 2h00 du mat à 5 | Merci pour le partage ! Je suis envahie dans ma maison... généralement,  on les tue une a une quand on les vois, sauf que là y en a de plus en plus... c'est plus gérable.Je viens de soulever un matelas en d'en trouver 9 en-dessous 😢 j'ai la phobie de ces trucs ! 😐
J'ai testé le savon noir, c'est bien pratique ! En fait, ça ne les tue pas, mais après elles n'arrivent pas à s'envoler et galèrent à se déplacer. Donc quand y en a plusieurs côte à côte,  je les vaporise toutes pour qu'elles restent là et ensuite je leur fais leur peau (en les mettant dans une bouteille d'eau en entonoir, elles se noient très rapidement).
Merci beaucoup 🙏 | J en ai une qui a atterri sur mon coup.
Et bien je suis rouge irritée. Ça me brûle un peu.
3 plaques rouges.
C est degueu 😮",Halyomorpha_halys,Halyomorpha halys,2019-09-01T12:20:28Z,fr,,2019-09-01 12:20:28,,GEO,,,,,Insects,alien,2016.0,,,,2014-10-01T00:00:00Z,After,True
Harmonia axyridis,8qbwAiPKOi0,Harmonia axyridis - mangeant restes Araneae / feeding on Araneae remains - 2023-09-30 (P9300418),"Harmonia axyridis (Coccinelle Asiatique) mangeant les restes d'une Araneae (araignée), peut-être Pisaura mirabilis (Pisaure ...",2024-09-16T20:43:40Z,Gaël Covain,"40.0, -3.7",https://www.youtube.com/watch?v=8qbwAiPKOi0,85.0,2.0,0.0,,Harmonia_axyridis,Harmonia axyridis,2024-09-16T20:43:40Z,,,2024-09-16 20:43:40,,GEO,,,,,Insects,uncertain,2007.0,,,,2007-06-01T12:00:00Z,After,True
Harmonia axyridis,qAmzcuFzMWA,Une Coccinelle sur ma couette 😅 ( Harmonia axyridis ) 🐞 #coccinelle,"Une Coccinelle sur ma couette ( Harmonia axyridis ), France - Short Video Nature 4K - 2024 - France Merci beaucoup pour ...",2024-09-24T17:00:40Z,Ana Photography Bretagne,"40.0, -3.7",https://www.youtube.com/watch?v=qAmzcuFzMWA,636.0,24.0,21.0,"Merci beaucoup pour votre visite ️️️ ️️️️️️️️️️️️️️️️️️️️️️️️️️️️️️️️️ ️️️️️️️️️️️️️️️️️️️️️️️️️️️️️️️️️️❤️ ️️️️️️️️️ 
Pour plus de vidéos : Aimez, commentez, partagez et Abonnez-vous ! ️ ️️️️️️️️️️️️️️️️ ️️️️️️️️️️️️️️️️️️️️️️️️👍🐞 ️ 

Thank you very much for your visit ️️️ ️️️️️️️️️️️️️️️️️️️️️️️️️️️️️️️️️❤️ ️️️️️️️️️️️️️️️️️️️️️️️️️️️️ ️️️️️️️️️ 
For more videos : Like, comment, share and Subscribe ! ️️️️️️️️️️️️️️️️️️️️️️️️️️️️️️️️ ️️️ ️️👍🐞 | Amazing 😮😮😮 | Quelle merveilleuse rencontre et excellent présage... Comme elle est belle notre petite sœur coccinelle, merci infiniment de nous partager se magnifique et magique moment 😊🐞✨🎶✨🙏 | 👍Elle cherche un coin chaud pour l hiver . | J'adore les coccinelles c'est magique et vous Ana vous êtes comme elle,  vous nous faites vivre des moments magique continuez | 🍀🐞✨Quel beau signe❗️Que du Bonheur pour Vous✨🐞🍀 | Voeux Exaucés 🙏🏻 💓 👼🏻🤞🏻🤗🌠🤹 Merci Ana 📸 elle vous a choisie elle savait Qu'elle pouvait vous portez chance,  vous le méritez 🌈☀️👏🏻💎👼🏻croyez à votre @nge gardien il vous guidera sur votre chemin. En temps normal dans le moment 🎁 Présent 🤗 🐬🦋🌕 | On dirait plutôt la coccinelle asiatique avec tous les points",Harmonia_axyridis,Harmonia axyridis,2024-09-24T17:00:40Z,fr,,2024-09-24 17:00:40,,GEO,,,,,Insects,uncertain,2007.0,,,,2007-06-01T12:00:00Z,After,True
Hormiga fantasma,ZbhvwCQZpCk,La HORMIGA FANTASMA de Tinykin!! #tinykin #tinykingameplay #juegosindie #indiegames #indiegame #ps5,,2025-06-18T07:45:25Z,ADinGAMEStrm,"40.0, -3.7",https://www.youtube.com/watch?v=ZbhvwCQZpCk,792.0,9.0,0.0,,Tapinoma_melanocephalum,Hormiga fantasma,2025-06-18T07:45:25Z,,,2025-06-18 07:45:25,,GEO,,,,,Insects,established,2014.0,,,,2014-06-01T12:00:00Z,After,True
Hormiga loca,Q7c2fQ2tzhc,🐜 Hormiga Loca Amarilla Súper Fuerte 💥 y Veloz | Animales Divertidos Para Niños,Descubre los Superpoderes de la Hormiga Loca Amarilla! Las hormigas locas amarillas son unas de las criaturas más ...,2025-06-04T04:00:34Z,Animales Divertidos Para Niños,"40.0, -3.7",https://www.youtube.com/watch?v=Q7c2fQ2tzhc,31.0,1.0,0.0,,Paratrechina_jaegerskioeldi,Hormiga loca,2025-06-04T04:00:34Z,es,Spain,2025-06-04 04:00:34,,GEO,,,,,Insects,established,2012.0,,,,2012-06-01T12:00:00Z,After,True
Hormiga loca,3uDK3u_L_Vg,La Hormiga loca,La hormiga loca. Hay que tener cuidado con los golpes en la cabeza. ¡Que se lo digan a esta HORMIGA!. | Hormiga negra de ...,2012-12-31T21:26:17Z,bichopedia,"40.0, -3.7",https://www.youtube.com/watch?v=3uDK3u_L_Vg,2198.0,20.0,0.0,,Paratrechina_jaegerskioeldi,Hormiga loca,2012-12-31T21:26:17Z,es,Spain,2012-12-31 21:26:17,,GEO,,,,,Insects,established,2012.0,,,,2012-06-01T12:00:00Z,After,True
Hormiga loca,_8BSrCFx_EM,HORMIGA BAILA DE CABEZA - Espinoso del Rey,La hormiga loca. Hay que tener cuidado con los golpes en la cabeza. ¡Que se lo digan a esta HORMIGA! Bichopedia 1b ...,2013-01-03T17:30:37Z,bichopedia,"40.0, -3.7",https://www.youtube.com/watch?v=_8BSrCFx_EM,1302.0,13.0,0.0,,Paratrechina_jaegerskioeldi,Hormiga loca,2013-01-03T17:30:37Z,es,Spain,2013-01-03 17:30:37,,GEO,,,,,Insects,established,2012.0,,,,2012-06-01T12:00:00Z,After,True
Langosta azul,gfnb8N7N-oA,langosta azul #acuariofilia #fish #peces #aquarium #pez #aguadulce #viral #langosta,,2023-05-17T12:00:39Z,TITO ACUARIOS,"40.0, -3.7",https://www.youtube.com/watch?v=gfnb8N7N-oA,161.0,4.0,0.0,,Cherax_quadricarinatus,Langosta azul,2023-05-17T12:00:39Z,es,Spain,2023-05-17 12:00:39,,GEO,,,,,Crustaceans,alien,2013.0,,,,2013-06-01T12:00:00Z,After,True
Langosta azul,kYB75kYDcUc,nunca ENCONTRARÁS una LANGOSTA AZUL 🦞🔵 #sabiasque #datoscurisos #curiosidades #shorts,,2025-08-04T23:00:49Z,Mente asombrosa,"40.0, -3.7",https://www.youtube.com/watch?v=kYB75kYDcUc,1580.0,13.0,0.0,,Cherax_quadricarinatus,Langosta azul,2025-08-04T23:00:49Z,es,Spain,2025-08-04 23:00:49,,GEO,,,,,Crustaceans,alien,2013.0,,,,2013-06-01T12:00:00Z,After,True
Leptoglossus occidentalis,YNz1_hwHGZY,"Chinche americano del pino, (Leptoglossus occidentalis).","Tres chinches americanos del pino o chinches de las piñas, sobre una corteza de un árbol andando. #chinche.",2020-11-21T20:39:50Z,El Viajero Honrubiano,"40.0, -3.7",https://www.youtube.com/watch?v=YNz1_hwHGZY,448.0,2.0,0.0,,Leptoglossus_occidentalis,Leptoglossus occidentalis,2020-11-21T20:39:50Z,,,2020-11-21 20:39:50,,GEO,,,,,Insects,alien,2010.0,,,,2010-06-01T12:00:00Z,After,True
Leptoglossus occidentalis,lN_FuG-mdi0,"PUNAISE Américaine du Pin/Leptoglossus occidentalis. Heidemann, 1910 ! BRUITX",Observations et Enregistrements sur un véhicule dans la campagne du centre de la France : Le 31 Octobre 2020 ! Environ 20 mm ...,2020-10-31T19:41:34Z,BRUITX 2,"40.0, -3.7",https://www.youtube.com/watch?v=lN_FuG-mdi0,133.0,0.0,1.0,Invasive donc..est-elle destructrice ?,Leptoglossus_occidentalis,Leptoglossus occidentalis,2020-10-31T19:41:34Z,fr,,2020-10-31 19:41:34,,GEO,,,,,Insects,alien,2010.0,,,,2010-06-01T12:00:00Z,After,True
Leptoglossus occidentalis,C1Dbud_KWHY,Insecto Sugador-de-Pinhas (Leptoglossus occidentalis),O sugador de pinhas (Leptoglossus occidentalis) é um percevejo invasor nativo da zona Oeste da América do Norte. O primeiro ...,2024-07-29T18:00:05Z,Natureza,"40.0, -3.7",https://www.youtube.com/watch?v=C1Dbud_KWHY,455.0,8.0,0.0,,Leptoglossus_occidentalis,Leptoglossus occidentalis,2024-07-29T18:00:05Z,pt,Portugal,2024-07-29 18:00:05,,GEO,,,,,Insects,alien,2010.0,,,,2010-06-01T12:00:00Z,After,True
Leptoglossus occidentalis,FDBd741PDa0,CHINCHE AMERICANA DEL PINO  #chinches #hemiptera #insects,"Chinche americana del pino (Leptoglossus occidentalis), avistado en la Villa de Teror, Gran Canaria, marzo 2024. Incluida en la ...",2024-03-09T18:39:22Z,Natural Moments,"28.3, -16.6",https://www.youtube.com/watch?v=FDBd741PDa0,1768.0,19.0,3.0,https://www3.gobiernodecanarias.org/cptss/sostenibilidad/biodiversidad/redexos/app/news/31,Leptoglossus_occidentalis,Leptoglossus occidentalis,2024-03-09T18:39:22Z,,,2024-03-09 18:39:22,,GEO,,,,,Insects,alien,2010.0,,,,2010-06-01T12:00:00Z,After,True
Leptoglossus occidentalis,rtshVGqjD-s,PRESENCIA de la CHINCHE AMERICANA del PINO en LA GOMERA y GRAN CANARIA  #insects #bugs,Presencia de Leptoglossus occidentalis en La Gomera y Gran Canaria.,2024-03-11T13:17:41Z,Natural Moments,"28.3, -16.6",https://www.youtube.com/watch?v=rtshVGqjD-s,286.0,9.0,0.0,,Leptoglossus_occidentalis,Leptoglossus occidentalis,2024-03-11T13:17:41Z,,,2024-03-11 13:17:41,,GEO,,,,,Insects,alien,2010.0,,,,2010-06-01T12:00:00Z,After,True
Loro gris africano,N-0cwmeLzaY,¡Descubre por qué todos quieren un loro gris africano!,"Déjate cautivar por la belleza y la inteligencia de los loros grises africanos, unas criaturas que nos demuestran la increíble ...",2025-05-14T11:19:47Z,"La Odisea del Reino Animal
","40.0, -3.7",https://www.youtube.com/watch?v=N-0cwmeLzaY,1813.0,233.0,5.0,Pero que cojones es esto!!! El audio en castellano y panchito a la vez 😂😂😂 | valen como 20000 dolares nomás | Pusiste imágenes de Sudamérica 😂😂😂 | Berritxu ❤,Psittacus_erithacus,Loro gris africano,2025-05-14T11:19:47Z,es,Spain,2025-05-14 11:19:47,,GEO,,,,,Birds,casual,2014.0,,,,2014-06-01T12:00:00Z,After,True
Loro gris africano,PKEZe0kl4g0,What&#39;s up with your roll?,Loro gris africano hablando.,2018-08-14T16:24:34Z,Ramón Fernández,"40.0, -3.7",https://www.youtube.com/watch?v=PKEZe0kl4g0,22.0,0.0,0.0,,Psittacus_erithacus,Loro gris africano,2018-08-14T16:24:34Z,en,,2018-08-14 16:24:34,,GEO,,,,,Birds,casual,2014.0,,,,2014-06-01T12:00:00Z,After,True
Loro gris de cola roja,Rlm39sSzFxs,"La historia del rescate de &quot;Yuyu&quot;, la hembra de yaco naufraga y superviviente del Abra de Bilbao.",Yuyu vuelve a casa. Este domingo nos encontramos flotando y medio ahogado a este #yaco (loro gris de cola roja) en medio de ...,2020-07-07T07:16:12Z,2 Millas,"40.0, -3.7",https://www.youtube.com/watch?v=Rlm39sSzFxs,58.0,1.0,0.0,,Psittacus_erithacus,Loro gris de cola roja,2020-07-07T07:16:12Z,es,Spain,2020-07-07 07:16:12,,GEO,,,,,Birds,casual,2014.0,,,,2014-06-01T12:00:00Z,After,True
Loro gris de cola roja,Nl4lF5Tn08Q,El rescate de la yaco &quot;Yuyu&quot;,Yuyu vuelve a casa. Este domingo nos encontramos flotando y medio ahogado a este #yaco (loro gris de cola roja) en medio de ...,2020-07-07T06:57:55Z,David Benavente,"39.7, -8.0",https://www.youtube.com/watch?v=Nl4lF5Tn08Q,37.0,3.0,1.0,Gracias!,Psittacus_erithacus,Loro gris de cola roja,2020-07-07T06:57:55Z,es,Spain,2020-07-07 06:57:55,,GEO,,,,,Birds,casual,2014.0,,,,2014-06-01T12:00:00Z,After,True
Loro yaco,042kUgBzbes,COMO PONER EL ARNÉS A UN LORO YACO DE COLA ROJA ?   🫀🫶🗽🌳🩸🌍 www.todoloros.com  #ARNESPARALOROS,COMO PONER EL ARNÉS A UN LORO YACO DE COLA ROJA ? www.todoloros.com ☎️ 635465610 ...,2024-04-19T14:10:55Z,Todo Loros,"40.0, -3.7",https://www.youtube.com/watch?v=042kUgBzbes,4297.0,151.0,,,Psittacus_erithacus,Loro yaco,2024-04-19T14:10:55Z,es,Spain,2024-04-19 14:10:55,,GEO,,,,,Birds,casual,2014.0,,,,2014-06-01T12:00:00Z,After,True
Loro yaco,j-vqQRTal98,Loro Yaco bebiendo zumo naranja,,2018-06-02T07:37:23Z,Ivan Gutiérrez,"40.0, -3.7",https://www.youtube.com/watch?v=j-vqQRTal98,49.0,1.0,0.0,,Psittacus_erithacus,Loro yaco,2018-06-02T07:37:23Z,,,2018-06-02 07:37:23,,GEO,,,,,Birds,casual,2014.0,,,,2014-06-01T12:00:00Z,After,True
Loro yaco,_6KkglIYFx4,Loro Yaco,"loro yaco .paroot loro yaco cola roja ,paroot, cuidados y alimentacion para loros paroot consejos para nuestras aves jaulas y ...",2019-05-31T15:10:32Z,Loro yaco Darko,"40.0, -3.7",https://www.youtube.com/watch?v=_6KkglIYFx4,2506.0,24.0,8.0,"muy obediente el loro eh ,deberias hacer un video amigo de como sanarle cuando se les farsie una pata. | Buen video amigo 👍👍👍 | Buen video bendiciones | Que bien este Loro.Es unico!!! | Ajjajaja que bonico es darko! Soy tu fan numero uno precioso 😍😍😍😍😍😍 | Jajaj pela la pipa mejor que yo y sin usar las patas. | Ese lorito darko❤ | bien bien sigue así amigo!!😁",Psittacus_erithacus,Loro yaco,2019-05-31T15:10:32Z,es,Spain,2019-05-31 15:10:32,,GEO,,,,,Birds,casual,2014.0,,,,2014-06-01T12:00:00Z,After,True
Loro yaco,sHRpwivpnG4,#pintando retrato realista de loro Yaco,handmade #birds #loro #macaw #retratosalapiz #retratos #realisticdrawing #realisticpaintings #realisticpotrait.,2024-10-10T11:52:30Z,Abeilliadm,"40.0, -3.7",https://www.youtube.com/watch?v=sHRpwivpnG4,0.0,0.0,0.0,,Psittacus_erithacus,Loro yaco,2024-10-10T11:52:30Z,,,2024-10-10 11:52:30,,GEO,,,,,Birds,casual,2014.0,,,,2014-06-01T12:00:00Z,After,True
Loro yaco,KCd4MXZT2VY,Loro yaco hablando (Atila),,2019-03-23T19:58:33Z,Ramón Fernández,"40.0, -3.7",https://www.youtube.com/watch?v=KCd4MXZT2VY,81.0,2.0,0.0,,Psittacus_erithacus,Loro yaco,2019-03-23T19:58:33Z,,,2019-03-23 19:58:33,,GEO,,,,,Birds,casual,2014.0,,,,2014-06-01T12:00:00Z,After,True
Loro yaco,nEGgc77uZs8,Loro YACO COLA ROJA Haciendo ASMR ❤️. Se come un cacahuete 🥜,"Os presento a Lola, es nueva en la familia❤️ Si queréis saber más sobre ella, haré un vídeo donde explico todo sobre sus ...",2020-09-21T20:01:59Z,Aiinhoa Montenegro,"40.0, -3.7",https://www.youtube.com/watch?v=nEGgc77uZs8,380.0,32.0,12.0,Loro con suerte | Muy bueno el vídeo de el loro amiga sigue así mucha suerte👍 | Excelente canal y mascota ! Te felicito muchos éxitos ! 👏🏻👏🏻👏🏻 | Que simpatica parece 😄 | es hermosa <3 | Es un pájaro muy agradable buen video,Psittacus_erithacus,Loro yaco,2020-09-21T20:01:59Z,es,Spain,2020-09-21 20:01:59,,GEO,,,,,Birds,casual,2014.0,,,,2014-06-01T12:00:00Z,After,True
Loro yaco,OTIPcXoLsPM,loro yaco muy hablador,"loro yaco cola roja hablando silvando, los loros mas havladores..loro yaco cola roja ,paroot, cuidados y alimentacion para loros ...",2018-12-22T22:56:47Z,Loro yaco Darko,"40.0, -3.7",https://www.youtube.com/watch?v=OTIPcXoLsPM,6637.0,165.0,8.0,Que increíble son los loritos cuando se quedan sólo! La verdad qe es hermoso | Es muy bonito | Que bonicoo😍 | Me encanta los animales | Me encanta | Saludos xd | O el pobre quiere salir de la jaula | Te está pidiendo que le saques,Psittacus_erithacus,Loro yaco,2018-12-22T22:56:47Z,es,Spain,2018-12-22 22:56:47,,GEO,,,,,Birds,casual,2014.0,,,,2014-06-01T12:00:00Z,After,True
Loro yaco,fPL5atFAsq0,Loro Yaco ( viva España ),Kiwi un loro de cola roja muy Español.,2023-09-17T02:56:52Z,Manuel Simões,"40.0, -3.7",https://www.youtube.com/watch?v=fPL5atFAsq0,119.0,6.0,2.0,Dile que diga...vota por vox!!!!❤❤❤ | 😂😂😂😂😂,Psittacus_erithacus,Loro yaco,2023-09-17T02:56:52Z,es,Spain,2023-09-17 02:56:52,,GEO,,,,,Birds,casual,2014.0,,,,2014-06-01T12:00:00Z,After,True
Loro yaco,in_CmZborUg,Loro yaco durmiendo ( 6 meses),"El pequeño Pacho se echa una siesta, después de todo no son tan ruidosos como los pintan.",2018-12-26T21:35:42Z,Marco Antonio Burgos Rodriguez,"40.0, -3.7",https://www.youtube.com/watch?v=in_CmZborUg,2491.0,25.0,1.0,Si ui me duermo así me caigo.,Psittacus_erithacus,Loro yaco,2018-12-26T21:35:42Z,es,Spain,2018-12-26 21:35:42,,GEO,,,,,Birds,casual,2014.0,,,,2014-06-01T12:00:00Z,After,True
Loro yaco,0g86r-luksg,Loro yaco y sus conversaciones ( kiwi ),Kiwi por la mañana pidiendo su café y con sus conversaciones.,2023-09-17T03:05:18Z,Manuel Simões,"40.0, -3.7",https://www.youtube.com/watch?v=0g86r-luksg,8.0,1.0,0.0,,Psittacus_erithacus,Loro yaco,2023-09-17T03:05:18Z,es,Spain,2023-09-17 03:05:18,,GEO,,,,,Birds,casual,2014.0,,,,2014-06-01T12:00:00Z,After,True
Loro yaco,lUKqCUowsqQ,Loro yaco 5 meses loquito,,2018-10-14T11:54:35Z,Manuel Carrasco,"40.0, -3.7",https://www.youtube.com/watch?v=lUKqCUowsqQ,368.0,3.0,1.0,Os ha gustado el vídeo,Psittacus_erithacus,Loro yaco,2018-10-14T11:54:35Z,,,2018-10-14 11:54:35,,GEO,,,,,Birds,casual,2014.0,,,,2014-06-01T12:00:00Z,After,True
Loro yaco,Mo1DNXdDVQs,Desaparición Loro Yaco para Angel del canal Amigos de los loros,Loro Yaco Amigos de los loros.,2019-02-12T15:39:05Z,ThePacoP,"40.0, -3.7",https://www.youtube.com/watch?v=Mo1DNXdDVQs,140.0,0.0,0.0,,Psittacus_erithacus,Loro yaco,2019-02-12T15:39:05Z,es,Spain,2019-02-12 15:39:05,,GEO,,,,,Birds,casual,2014.0,,,,2014-06-01T12:00:00Z,After,True
Loro yaco,DP_HgdY37l8,Niños jugando con loro yaco ( se llama pacho),Se divierten pasándole juguetes a pacho un loro muy cariñoso de 6 meses.,2018-12-25T20:47:13Z,Marco Antonio Burgos Rodriguez,"40.0, -3.7",https://www.youtube.com/watch?v=DP_HgdY37l8,227.0,3.0,,,Psittacus_erithacus,Loro yaco,2018-12-25T20:47:13Z,es,Spain,2018-12-25 20:47:13,,GEO,,,,,Birds,casual,2014.0,,,,2014-06-01T12:00:00Z,After,True
Loro yaco,AYegrlxaZDs,LORO YACO Prefiere SALIR VOLANDO Antes Que Volver a Su Jaula xD que Lista Ella Gina mas guapa y buen,Siguenos en: https://www.twitch.tv/lospajaroslocos https://www.tiktok.com/@thecrazybirbs?is_from_webapp=1&sender_device=pc ...,2023-08-07T08:00:04Z,lospajarosloco,"39.6, 3.0",https://www.youtube.com/watch?v=AYegrlxaZDs,21.0,1.0,0.0,,Psittacus_erithacus,Loro yaco,2023-08-07T08:00:04Z,es,Spain,2023-08-07 08:00:04,,GEO,,,,,Birds,casual,2014.0,,,,2014-06-01T12:00:00Z,After,True
Loro yaco,H9FxtnNBawU,"Rodolfo ,mi loro Yaco cumple 13 años y tiene su regalo...",Rodolfo abre su regalito .. Feliz cumpleaños..,2021-03-22T21:08:36Z,Jesus Perez,"28.3, -16.6",https://www.youtube.com/watch?v=H9FxtnNBawU,48.0,1.0,0.0,,Psittacus_erithacus,Loro yaco,2021-03-22T21:08:36Z,es,Spain,2021-03-22 21:08:36,,GEO,,,,,Birds,casual,2014.0,,,,2014-06-01T12:00:00Z,After,True
Loro yaco,XXERWdgWeTY,Loro hablando,Loro Yaco.,2020-07-12T13:58:28Z,michel valle,"28.3, -16.6",https://www.youtube.com/watch?v=XXERWdgWeTY,26.0,1.0,0.0,,Psittacus_erithacus,Loro yaco,2020-07-12T13:58:28Z,,,2020-07-12 13:58:28,,GEO,,,,,Birds,casual,2014.0,,,,2014-06-01T12:00:00Z,After,True
Mauremys sinensis,CjgJtgbcaSY,Portrait de l&#39;Emyde à cou rayé,"Une description complète d'une belle tortue aquatique, l'Emyde à cou rayé, Mauremys sinensis, réalisée par les élèves de ...",2025-06-22T10:00:30Z,SOS P'tites Bêtes,"40.0, -3.7",https://www.youtube.com/watch?v=CjgJtgbcaSY,96.0,31.0,13.0,"Très belle espèce ! | Bravo | Bravo pour tout ce que vous faites ! | 🤩🤩🤩🤩🤩🤩🤩 | Génial, bravo ! | 👏👏👏👏 | merci pour ce petit documentaire très sympa ! | 👍👍👍 | j'adore vos petites vidéos ! | 😍😍😍",Mauremys_sinensis,Mauremys sinensis,2025-06-22T10:00:30Z,fr,,2025-06-22 10:00:30,,GEO,,,,,Herptiles,alien,2014.0,,,,2014-10-10T00:00:00Z,After,True
Megachile sculpturalis,hUGIZhNYUHA,"Megachile Sculpturalis - observation near Lyon, France - July 22nd 2020","This is an observation of Megachile SCulpturalis near Lyon, France, made on July 22nd 2020. A basis for people interested in ...",2020-07-22T13:39:59Z,skybtc,"40.0, -3.7",https://www.youtube.com/watch?v=hUGIZhNYUHA,84.0,1.0,0.0,,Megachile_sculpturalis,Megachile sculpturalis,2020-07-22T13:39:59Z,en,,2020-07-22 13:39:59,,GEO,,,,,Insects,established,2018.0,,,,2018-06-01T12:00:00Z,After,True
Mnemiopsis leidyi,b8oTsgUc9JA,Amazing Kelly in Valencia - Warty comb jelly Mnemiopsis leidyi,Warty comb jelly - Sea walnut City of Arts and Sciences Oceanografic Valencia Spain.,2015-10-25T14:54:45Z,VRItaly,"40.0, -3.7",https://www.youtube.com/watch?v=b8oTsgUc9JA,593.0,3.0,1.0,Had to search it up. What a fine creature.,Mnemiopsis_leidyi,Mnemiopsis leidyi,2015-10-25T14:54:45Z,en,,2015-10-25 14:54:45,,GEO,,,,,Non-arthropod invertebrates,established,2009.0,,,,2009-06-01T12:00:00Z,After,True
Mosca blanca,oFsPXVXOCr4,🪰 ¿Cómo COMBATIR la mosca BLANCA en tus plantas? 🪴,"En momentos de calor, empiezan a aparecer las moscas blancas y nos machacan las plantas ¿Quieres saber cómo combatirla?",2023-08-08T19:30:09Z,Chico Plantas,"40.0, -3.7",https://www.youtube.com/watch?v=oFsPXVXOCr4,23877.0,760.0,14.0,"Jabón en polvo,agua oxigenada,y aceite de nem  de este óptimo que sea muy poco, en un litro de agua 3 onzas de agua oxigenada  una cucharada  de jabón en polvo y por último y muy importante un  cuarto de cucharadita de aceite de  nem  agítalo muy bien  que repose por lo menos una hora y listo | Si jablon blanco, un cuchara sopera por un litro de agua cada 7 días y las eliminas completamente saludos | Necesito ayuda son demasiadas y estan matando mis plantas | Agroquímicos, una pena que sean cancerígenos pero en mi jardín | No las matas pero las aliñas… | Con todos mis respetos, jabón potásico y aceite de nim?? Cómo lo ves? | Gracias por tu consejo, logré salvar mi limonero y mi naranjo. | Jabón potásico | Ami esa mosca blanca me empeso en mi ruda y de ay se fue expandiéndose asta que me seco un arbol y me esta secando otras plantas la verdad es que si se pasan con facilidad el dia que cura la ruda bolaron asia otras de mis plantas y pues cuento de nunca acabar 😢😢 | Gracias",Bemisia_tabaci,Mosca blanca,2023-08-08T19:30:09Z,es,Spain,2023-08-08 19:30:09,,GEO,,,,,Insects,alien,2006.0,,,,2006-06-01T12:00:00Z,After,True
Mosca blanca,RQ-VuqGiqoI,ELIMINA LAS PLAGAS DEL HUERTO 🐛 Combatir Pulgón | Mosca Blanca | Araña Roja | 100% Ecológico,"Remedio para eliminar las Plagas y Enfermedades más comunes en Plantas, Jardín y Huerto. Aplicando el SUPER ...",2020-03-30T10:00:18Z,Huerto Adictos,"40.0, -3.7",https://www.youtube.com/watch?v=RQ-VuqGiqoI,6452.0,345.0,32.0,"Muy bueno | Y. La cochinilla blanca rallada?me trae de cabeza con mi naranjo | Que hago con la cochinilla blanca con rayas,no la había visto nunca y la tiene mi naranjo que es joven.que horrror ,ayudaaaaaa | Aunque SABES? YO NO QUIERO COMBATIR A LOS SALTAMONTES, DE HE HECHO LOS SALVO DE MIS GATITOS CUANDO LOS ATRAPAN,  PREFIERO ""ALEJARLOS"" QUE SE VAYAN😆 GRACIAS CHICO. ATTE. HERMANA DE BRUNO ( EL DE LA FOTO )👍🌺🌻🌼🌷🌹💐🌿 | MANOS A LA OBRA CHICO, TE LO AGRADEZCO MUCHO, YO VIVO EN PISO ARRIBA Y SÓLO PUEDO TENER MACETAS Y AÚN ASÍ CAE PLAGA, MIS ROSAS YA ESTÁN MURIENDO , ESTARÉ CHECANDO TODOS TUS VIDEOS, MIL GRACIAS 😊👍 | Hola, en mi arbol de Durazno sale una especie de gelatina  del tronco  transparente  y después  se torna ocre. Bendiciones | Que vaina s me murieron varias pero es muy difícil encontrar muchas cosas ahora hasta el humus de lombriz, tierra abono cascara de arroz etc. | Hola qué tal, una pregunta, inicié mi huerto y plante brócoli 🥦 ya habían salidos los brotesitos y me di cuenta de un día para el otro que las hojas estaban perforadas entonces encontré un bichero como este 🐛 de  3mm aprox lo quite pero no sé si haya otros, alguna recomendación que puedas darme para salvar mi cosecha? 
Mil gracias 😊 

Ig:diananb.25 | Hola mil gracias por su enseñanza pero tengo unas plantas de jardín en el balcón lo fumige con el aceite y ajo y solo una rosa que tengo está después de regarla se lleno de pulgón verde, que hago | Ya identifique el nombre del villano de mis plantas! Jajaj saludos desde México, gracias por tus vídeos!!!!",Bemisia_tabaci,Mosca blanca,2020-03-30T10:00:18Z,es,Spain,2020-03-30 10:00:18,,GEO,,,,,Insects,alien,2006.0,,,,2006-06-01T12:00:00Z,After,True
Mosca blanca,9S7npw7zShA,Métodos de control biológico de la mosca blanca: ensayo de campo en VIRTIGATION,En un ensayo de campo realizado en el centro experimental de TECNOVA en Almería dentro del proyecto VIRTIGATION se han ...,2023-12-01T09:56:22Z,VIRTIGATION project,"40.0, -3.7",https://www.youtube.com/watch?v=9S7npw7zShA,642.0,8.0,0.0,,Bemisia_tabaci,Mosca blanca,2023-12-01T09:56:22Z,es,Spain,2023-12-01 09:56:22,,GEO,,,,,Insects,alien,2006.0,,,,2006-06-01T12:00:00Z,After,True
Mosca blanca,G9Ae7Tg5Nt0,Lucha biológica contra mosca blanca en cultivo de flor de pascua,,2018-10-17T18:35:57Z,Ángel Illescas,"40.0, -3.7",https://www.youtube.com/watch?v=G9Ae7Tg5Nt0,198.0,5.0,0.0,,Bemisia_tabaci,Mosca blanca,2018-10-17T18:35:57Z,,,2018-10-17 18:35:57,,GEO,,,,,Insects,alien,2006.0,,,,2006-06-01T12:00:00Z,After,True
Mosca blanca,29Qvdlsep1Y,Control de TRIPS y mosca blanca en gerbera,José Enrique González Zamora nota explica el control biológico que estamos intentando en gerbera en colaboración con Biosur.,2020-10-15T20:16:57Z,HCOETSIA,"40.0, -3.7",https://www.youtube.com/watch?v=29Qvdlsep1Y,578.0,8.0,0.0,,Bemisia_tabaci,Mosca blanca,2020-10-15T20:16:57Z,es,Spain,2020-10-15 20:16:57,,GEO,,,,,Insects,alien,2006.0,,,,2006-06-01T12:00:00Z,After,True
Mosca blanca,G4Hd-d2azH0,VIRTIGATION #HistoríasDeInvestigación: Ensayos de campo de TECNOVA para controlar la mosca blanca,"En VIRTIGATION, TECNOVA está realizando ensayos de campo sobre métodos de control biológico de la mosca blanca en ...",2024-11-04T14:52:53Z,VIRTIGATION project,"40.0, -3.7",https://www.youtube.com/watch?v=G4Hd-d2azH0,55.0,0.0,0.0,,Bemisia_tabaci,Mosca blanca,2024-11-04T14:52:53Z,,,2024-11-04 14:52:53,,GEO,,,,,Insects,alien,2006.0,,,,2006-06-01T12:00:00Z,After,True
Mosca blanca,6dEo7XEzBbc,Elimina la MOSCA DEL SUSTRATO 🌿(Mosca Blanca) Plantas de Interior | Control PLAGAS 💚,"Cuatro soluciones para eliminar las plagas de tus plantas, principalmente la Mosca Blanca. La mosca blanca, suele encontrarse ...",2021-06-29T10:08:21Z,Plantas de Interior - Erika Gomez,"40.0, -3.7",https://www.youtube.com/watch?v=6dEo7XEzBbc,15706.0,331.0,25.0,"FLACOTA HERMOSOTA... ME GUSTARÍA SEMBRAR CONTIGO. | Hola lo del jabón potásico te has equivocado , púes vale unos 10eur. y la tierra de diatomeas es de lo mejor que hay para las plantas, es un enraizante de lo mejor que ahí, es inocuo lo puedes comer o echar en el cuerpo de las mascotas ect. | ❤❤❤❤ | Hola linda gracias por este video ya no los aguanto están por todas mis plantas esos mosquitos 🦟🥲🥹 | Hola, cuando prepares la tierra para las macetas, pon tierra de diatomeas un poco revuelto con la misma y perlita, veras como es difícil que entren en general los bichos, también puedes espolvorear por encima de la tierra y no la riegues en unos días. | YO PARA ACABAR CON LAS MOSCAS HE CAMBIADO EL SUSTRATO DE LAS ORQUIDEAS Y UTLIZO EL JABON POTASICO EN SPRAY.👍🏻 | El jabón Potásico,Ami me funciona genial | Tiene que ser vinagre de manzana o puede ser otro | Gracias me hacía falta para  probar con una planta 😃 | Nunca me sirvió el jabon potasico (que yo le tiro con Neem)",Bemisia_tabaci,Mosca blanca,2021-06-29T10:08:21Z,es,Spain,2021-06-29 10:08:21,,GEO,,,,,Insects,alien,2006.0,,,,2006-06-01T12:00:00Z,After,True
Mosca blanca,xtONCBDlWDA,"MATA y ELIMINA PLAGAS en tus PLANTAS y en Huerto Urbano | Pulgón, Mosca Blanca, Araña Roja, Orugas","Acaba con Las PLAGAS y HONGOS de tus Plantas, Huerta, Huerto Urbano y Jardín. Hablaremos en Directo sobre las PLAGAS y ...",2021-05-26T15:35:28Z,Huerto Adictos,"40.0, -3.7",https://www.youtube.com/watch?v=xtONCBDlWDA,46232.0,4165.0,340.0,"CURA las HOJAS AMARILLAS, Secas o Enfermas de tus PLANTAS en Casa 😲🌿🤩 Descúbrelo AQUÍ >> https://youtu.be/eq8FnJUseCE
PARTES DEL DIRECTO:
2:44 Pulgones Negros, Verdes y Amarillos
6:28 Mosca Blanca Remedio
7:57 Caracoles y Babosas - Tierra de Diatomeas
10:43 Hongos Blancos y Negros - Mildiu, Oídio y Negrilla
14:00 Hormigas Negras y Hormigas Cortadoras
15:22 Cochinillas negras y Cochinilla Algodonosa. 
17:22 Orugas y Gusanos.

Deja tu LIKE 👍 Para APOYAR el canal y saber que te ha gustado el video 😍 ¿ Tienes PROBLEMAS con tus PLANTAS ❓ Deja tu comentario y Cuéntame como van tus Plantas y tu Huerto 😄♥️ Y suscríbete si aún no eres un HuertoAdicto ♥️🍅 | Como combatir las hormigas debajo de la tierra de los árboles o en el mulch ? | Hola Javi tengo un Rosal q se a puesto blanco hojas y tallo p y por debajo de hoja. hoja esto como polvillo blanco | Gracias por darnos consejos que plantas podemos tener en casa | 👍 | Necesitamos ayuda con un aguacatero, puedo colgar fotos para saber que le pasa? Tiene la mayoría del árbol que debe medir en altura 1,60 y anchura más o menos lo mismo. El caso es que el 80x100 está perfecto y súper saludable pero hay una zona con las hojas con al punta marrón, mucho menos frondoso. Y el tronco también tiene zonas marrones....por favor Ayudaaaaaaaaa. Gracias | Buenísimo lo are esto gracias Javier | Hola buenos días sigo siempre tu canal me dan , alegría por tu premio  abrazos y Bendiciones por todo loque me enseñas.❤️🌺🍒🌷🌹🌻🙋 | Hola felicidades por tu canal.
Tengo una consulta, como eliminar las malas hierbas, si usar venenos. Gracias. | Mis limoneros no crecen! Ya tienen más de un año, no dan frutos! No veo nada de plagas! Las hojas 🍃 parecen que están bien! Pero no le salen los limones. Cuál de las recetas que recomiendas puedo usar para que me den limoncitos!",Bemisia_tabaci,Mosca blanca,2021-05-26T15:35:28Z,es,Spain,2021-05-26 15:35:28,,GEO,,,,,Insects,alien,2006.0,,,,2006-06-01T12:00:00Z,After,True
Mosca blanca,Yr8gPK3-pok,Cómo combatir la mosca blanca #plantas #plantaciones #agriculture #moscablanca #invernaderos,,2023-11-21T21:12:21Z,German Agrolife,"40.0, -3.7",https://www.youtube.com/watch?v=Yr8gPK3-pok,4214.0,134.0,4.0,Cómo se llama el sobre ✉️? Voy q plantar tomates en maceta en mi casa y la verdad son un incordio jaua | Muchas gracias joven productor!. Envi'e ma's videos que se le aprecia. Saludos desde Finlandia.,Bemisia_tabaci,Mosca blanca,2023-11-21T21:12:21Z,,,2023-11-21 21:12:21,,GEO,,,,,Insects,alien,2006.0,,,,2006-06-01T12:00:00Z,After,True
Mosca blanca,uxuusEfDOGc,Estrategia #COMPOEXPERT en cítricos - Invelop® White Protect - Control de mosca blanca en naranjo,Estrategia #COMPOEXPERT con Invelop® White Protect. Campo de naranjos con fuerte plaga de mosca blanca.,2022-07-13T07:55:08Z,Compo Expert Spain S.L.,"40.0, -3.7",https://www.youtube.com/watch?v=uxuusEfDOGc,499.0,1.0,0.0,,Bemisia_tabaci,Mosca blanca,2022-07-13T07:55:08Z,,,2022-07-13 07:55:08,,GEO,,,,,Insects,alien,2006.0,,,,2006-06-01T12:00:00Z,After,True
Mosca blanca,Ln8dwPVXdvg,Mosca Blanca😱🪰Cultivo de Pimiento🫑🌶#campo#trabajo#pimiento#shorts#agriculture#verdura,,2023-11-04T22:23:03Z,Trabajo en el Campooo,"40.0, -3.7",https://www.youtube.com/watch?v=Ln8dwPVXdvg,26.0,4.0,0.0,,Bemisia_tabaci,Mosca blanca,2023-11-04T22:23:03Z,es,Spain,2023-11-04 22:23:03,,GEO,,,,,Insects,alien,2006.0,,,,2006-06-01T12:00:00Z,After,True
Mosca blanca,Orb_POqCbQc,"Gestión Integrada de Plagas en hortícolas protegidos [Níjar, 12/07/2022]",Aplicación de los Principios Generales de Gestión Integrada de Plagas en Andalucía. Muestreo de mosca blanca y pulgón.,2022-07-20T09:15:02Z,"Agricultura, Pesca, Agua y Desarrollo Rural","40.0, -3.7",https://www.youtube.com/watch?v=Orb_POqCbQc,412.0,11.0,0.0,,Bemisia_tabaci,Mosca blanca,2022-07-20T09:15:02Z,es,Spain,2022-07-20 09:15:02,,GEO,,,,,Insects,alien,2006.0,,,,2006-06-01T12:00:00Z,After,True
Mosca blanca,DXhpn3E1Phc,Elimina las plagas de tus TOMATES sin esfuerzo🪲,Macrolophus pigmaeus es un aliado en el control biológico de plagas del tomate. Depreda tanto a mosca blanca como a tuta ...,2024-06-26T17:00:14Z,laTanina,"40.0, -3.7",https://www.youtube.com/watch?v=DXhpn3E1Phc,17785.0,398.0,10.0,"Gracias❤❤❤ | Buenas tardes, por favor, cuál es la solución o alternativas para controlar la invasión, por lo menos?
Gracias ☺ | Todos sus videos son geniales; Dios les bendiga | Aver si hablas de las enfermedades del tómate y qe le echa un saludo | Gracias por la info un abrazo desde 🇦🇷💙🤍💙 | Muchas graciasss ❤ | Graciás por su información ❤ | Donde se pueden comprar? | Fan #1 ‪❤",Bemisia_tabaci,Mosca blanca,2024-06-26T17:00:14Z,es,Spain,2024-06-26 17:00:14,,GEO,,,,,Insects,alien,2006.0,,,,2006-06-01T12:00:00Z,After,True
Mosca blanca,erEQZc83rJE,ADIÓS al PULGÓN para SIEMPRE!🌺🐛🤯,"Las crisopas son uno de los mejores depredadores de pulgón, cochinilla, mosca blanca, etc. Son los aliados más interesantes en ...",2023-06-06T17:30:08Z,laTanina,"39.6, 3.0",https://www.youtube.com/watch?v=erEQZc83rJE,19471.0,1518.0,76.0,"Gracias 🎉 | Hola Mireya, recién los descubrí, debo felicitarles inmensamente, sus videos son muy didácticos y voy a sacar provecho de tanto conocimiento. Solo una pregunta... qué riesgo habría de que se convierta luego en plaga una de estas especies introducidas en el huerto? | Hola, Necesitaría saber si tengo una plaga de pulgón en un limonero,  y cochinilla en otras plantas, que es mejor las crisopas o el mix parasitoides del aphiscout o del poker 250 mix de auxiliares contra el pulgón. Porque ahora tengo dudas de qué poner. Gracias | Gracias buen video saludos desde el cansl de Los Misterios del Faraón | 😮 wuuuuuuuaaaaasoooooo nada edad que el chico los debo de recontra felicitar cada video es mejor la verdad que no tenía idea de estos insectos beneficiosos para nuestros cultivos pero bueno nunca es tarde para aprender Y que aprenda las futuras generaciones | Gracias, buenisimo
Mi chico ha cogido miedo a las crispopas porque cree que pican, mas tqrde le explicare que no es así,  ademas no sabia que eran tan voraces con los pulgones | Y ese enlace a control Bio? | Eso de criar a tus ejercitos anti pulgon tiene su aquel, no voy a decir que no😂. | Muy interesante vídeo 👍 muchas gracias por la información 🤝🌿 | Gracias por dar a conocer estos animalillos tan beneficiosos🤗👋🌹🌹🌹👄👄👄",Bemisia_tabaci,Mosca blanca,2023-06-06T17:30:08Z,es,Spain,2023-06-06 17:30:08,,GEO,,,,,Insects,alien,2006.0,,,,2006-06-01T12:00:00Z,After,True
Mosca del Mediterraneo,FiF2zKXkT8M,Trampas para la mosca de la fruta o mosca del Mediterráneo.,,2019-07-24T15:18:05Z,Juanma Perez Sicilia,"28.3, -16.6",https://www.youtube.com/watch?v=FiF2zKXkT8M,548.0,4.0,1.0,"Que le sobren los higos en esta temporada es muy buena noticia. Se los puede hacer mermelada o en almibar.
Detesto las moscas de la fruta, éste año terminaron con casi el 100 por ciento de mis ciruelas. 
La próxima temporada pondré estas trampas y espero que sean tan efectivas como las muestra. Hay muchas recetas en la red.
Gracias por compartir.
Salud !",Ceratitis_capitata,Mosca del Mediterraneo,2019-07-24T15:18:05Z,es,Spain,2019-07-24 15:18:05,,GEO,,,,,Insects,established,2006.0,,,,2006-06-01T12:00:00Z,After,True
Orconectes limosus,ji-znPq4I5Y,Observation d&#39;écrevisses et d&#39;une tortue dans la nature 🦂 🐸 🐞 🦋 🦢 🐢,"Animaux observés au bord de l'étang : Écrevisses américaines (Orconectes limosus), Tortue de Floride (Trachemys scripta ...",2020-06-26T15:00:15Z,TERRARIO,"40.0, -3.7",https://www.youtube.com/watch?v=ji-znPq4I5Y,934.0,48.0,11.0,"Trop belles la tortue de floride mais pas bon signe 😢 | Faudrait tuer cette tortue de floride | Pas une bonne nouvelle la petite tortue de Floride qui pour moi ne se reproduisait pas en France :-( | Même si le nom latin est le bon, c'est plutôt un foulque macroule au début de ta vidéo. Poule d'eau (Gallinula chloropus). Génial j'adore tes vidéos d'ailleurs ;-) | Cool ta vidéo ce ne sont pas des pattes blanches mais c'est bien d'ailleurs si tu aimes la nature pense à les tuer avant de les relâcher car ça bouffe tout


PS:j'ai déjà goûter des écrevisses et c'est vraiment très bon",Faxonius_limosus,Orconectes limosus,2020-06-26T15:00:15Z,fr,,2020-06-26 15:00:15,,GEO,,,,,Crustaceans,established,2010.0,,,,2010-06-01T12:00:00Z,After,True
Padda de Java,Vk3jctbZdKc,Popy Padda de Java qui prend son bain,Petite femelle Padda de Java de 2 mois qui prend son bain.,2019-10-30T10:36:01Z,Popy Le Padda,"40.0, -3.7",https://www.youtube.com/watch?v=Vk3jctbZdKc,1551.0,18.0,1.0,ma popyyyyy <3,Lonchura_oryzivora,Padda de Java,2019-10-30T10:36:01Z,fr,,2019-10-30 10:36:01,,GEO,,,,,Birds,alien,2010.0,,,,2010-06-01T12:00:00Z,After,True
Padda de Java,J-7OPcQIbn8,Le Padda de Java -  Le Jardin aux Oiseaux -  Zoo d&#39;Upie    (Drôme) France,Visite au Jardin des Oiseaux - Zoo d'Upie - Drôme - France Observation du comportement du Padda de Java - Passereau Le ...,2018-09-02T17:30:50Z,Maryka46,"40.0, -3.7",https://www.youtube.com/watch?v=J-7OPcQIbn8,38196.0,108.0,,,Lonchura_oryzivora,Padda de Java,2018-09-02T17:30:50Z,fr,,2018-09-02 17:30:50,,GEO,,,,,Birds,alien,2010.0,,,,2010-06-01T12:00:00Z,After,True
Padda de Java,HlHDYgUOcFI,Touraco de Livingstone  et Padda de Java  -  Une belle amitié  -  Zoo d&#39;Upie  (Drôme) France,Visite au zoo d'Upie (Drôme) France Observation du comportement du Touraco de Livingstone et du Padda de Java - une belle ...,2019-04-12T17:34:09Z,Maryka46,"40.0, -3.7",https://www.youtube.com/watch?v=HlHDYgUOcFI,500.0,3.0,,,Lonchura_oryzivora,Padda de Java,2019-04-12T17:34:09Z,fr,,2019-04-12 17:34:09,,GEO,,,,,Birds,alien,2010.0,,,,2010-06-01T12:00:00Z,After,True
Padda de Java,pdfGsjp0cMg,Diamants Mandarin contre Padda de Java -  Conflits à la mangeoire  - Zoo d&#39;Upie (Drôme) France,Visite au Zoo d'Upie (Drôme) France Observation du comportement du Padda de Java et des Diamants Mandarin autour de la ...,2019-05-16T18:00:09Z,Maryka46,"40.0, -3.7",https://www.youtube.com/watch?v=pdfGsjp0cMg,1680.0,10.0,,,Lonchura_oryzivora,Padda de Java,2019-05-16T18:00:09Z,fr,,2019-05-16 18:00:09,,GEO,,,,,Birds,alien,2010.0,,,,2010-06-01T12:00:00Z,After,True
Padda de Java,eOu8b-fsgxs,Padda de java prend son bain,C.,2018-09-10T10:28:05Z,Mika Babou,"40.0, -3.7",https://www.youtube.com/watch?v=eOu8b-fsgxs,270.0,5.0,0.0,,Lonchura_oryzivora,Padda de Java,2018-09-10T10:28:05Z,,,2018-09-10 10:28:05,,GEO,,,,,Birds,alien,2010.0,,,,2010-06-01T12:00:00Z,After,True
Padda de Java,kv3YveLsn-c,Bianco Castafiori Padda de Java Oiseau,,2025-05-04T06:49:07Z,Stan PASTRE,"40.0, -3.7",https://www.youtube.com/watch?v=kv3YveLsn-c,269.0,5.0,0.0,,Lonchura_oryzivora,Padda de Java,2025-05-04T06:49:07Z,,,2025-05-04 06:49:07,,GEO,,,,,Birds,alien,2010.0,,,,2010-06-01T12:00:00Z,After,True
Padda de Java,0IHZ8H3bY9o,Padda di Giava! Padda de Java! Padda! Java sparrow! 🐦🆒🔝👌💪👍🔝🆒🐦👍,,2025-06-25T06:55:08Z,Andrea Carsana,"40.0, -3.7",https://www.youtube.com/watch?v=0IHZ8H3bY9o,1396.0,10.0,0.0,,Lonchura_oryzivora,Padda de Java,2025-06-25T06:55:08Z,,,2025-06-25 06:55:08,,GEO,,,,,Birds,alien,2010.0,,,,2010-06-01T12:00:00Z,After,True
Padda de Java,5TxkljgJtXY,Bianco Castafiori Padda de Java Oiseau,,2025-05-03T12:13:34Z,Stan PASTRE,"40.0, -3.7",https://www.youtube.com/watch?v=5TxkljgJtXY,306.0,8.0,0.0,,Lonchura_oryzivora,Padda de Java,2025-05-03T12:13:34Z,,,2025-05-03 12:13:34,,GEO,,,,,Birds,alien,2010.0,,,,2010-06-01T12:00:00Z,After,True
Papallona del boix,JHxTAdxGPRU,Mallerengues per combatre la papallona del boix,Salvem el Boix ha impulsat una prova pilot on es posaran fins a un centenar de caixes niu al Ripollès per afavorir la cria de ...,2020-09-26T10:00:04Z,Televisió del Ripollès,"40.0, -3.7",https://www.youtube.com/watch?v=JHxTAdxGPRU,213.0,6.0,,,Cydalima_perspectalis,Papallona del boix,2020-09-26T10:00:04Z,ca,Spain,2020-09-26 10:00:04,,GEO,,,,,Insects,established,2014.0,,,,2014-06-01T12:00:00Z,After,True
Papallona del boix,ZMDKZHBbRbk,Preocupació a Ripoll pel retorn de la papallona del boix,"Imatges com aquesta, amb la plaça de l'ajuntament de Ripoll atapeïda de papallones del boix, es podrien repetir aquest any.",2020-07-05T15:00:17Z,Televisió del Ripollès,"40.0, -3.7",https://www.youtube.com/watch?v=ZMDKZHBbRbk,381.0,2.0,,,Cydalima_perspectalis,Papallona del boix,2020-07-05T15:00:17Z,ca,Spain,2020-07-05 15:00:17,,GEO,,,,,Insects,established,2014.0,,,,2014-06-01T12:00:00Z,After,True
Papallona del boix,9IUXto-6ics,Tractament als boixos de Ripoll per evitar la papallona del boix,En aquesta època de l'any és temps perquè torni a aparèixer la papallona del boix i que es pugui concentrar en diversos punts ...,2021-06-24T14:00:04Z,Televisió del Ripollès,"40.0, -3.7",https://www.youtube.com/watch?v=9IUXto-6ics,263.0,0.0,,,Cydalima_perspectalis,Papallona del boix,2021-06-24T14:00:04Z,ca,Spain,2021-06-24 14:00:04,,GEO,,,,,Insects,established,2014.0,,,,2014-06-01T12:00:00Z,After,True
Pavao-azul,bkIH1-8H21U,Pavão-azul indiano (Pavo cristatus) no Zoológico de Madrid. Espaço com animais em habitats naturais.,O Espaço com animais em habitats naturais que pode ser visto no zoológico de Madri é uma ótima opção de lazer para toda a ...,2024-06-23T18:15:40Z,A1-Br + Mini vídeos do Maps,"40.0, -3.7",https://www.youtube.com/watch?v=bkIH1-8H21U,1189.0,40.0,0.0,,Musophaga_violacea,Pavao-azul,2024-06-23T18:15:40Z,pt,Portugal,2024-06-23 18:15:40,,GEO,,,,,Birds,alien,2011.0,,,,2011-06-01T12:00:00Z,After,True
Pavao-azul,884P1hpUExc,Pavão-Azul,"O pavão um símbolo da alma, da paz, da beleza, da prosperidade, do amor e da compaixão #pavao #pavaoazul.",2025-01-01T12:06:20Z,Natureza da Europa,"40.0, -3.7",https://www.youtube.com/watch?v=884P1hpUExc,272.0,18.0,0.0,,Musophaga_violacea,Pavao-azul,2025-01-01T12:06:20Z,pt,Portugal,2025-01-01 12:06:20,,GEO,,,,,Birds,alien,2011.0,,,,2011-06-01T12:00:00Z,After,True
Pavao-azul,5qseNVV0vI4,Pavo Real 🦚| ALFAMA 2025 | Lisboa | Primavera 🌸✨| Pavão-azul | Castelo de São Jorge,,2025-04-28T22:52:47Z,NAYA DOS SANTOS,"40.0, -3.7",https://www.youtube.com/watch?v=5qseNVV0vI4,2105.0,21.0,0.0,,Musophaga_violacea,Pavao-azul,2025-04-28T22:52:47Z,pt,Portugal,2025-04-28 22:52:47,,GEO,,,,,Birds,alien,2011.0,,,,2011-06-01T12:00:00Z,After,True
Perca europea,LHYofIcDMP0,PERCA EUROPEA (FLUVI ) 🐟🐟🍒🍒 #perch #perchfishing #fishing,,2025-05-31T17:56:57Z,Basque Seabass,"40.0, -3.7",https://www.youtube.com/watch?v=LHYofIcDMP0,1902.0,14.0,0.0,,Perca_fluviatilis,Perca europea,2025-05-31T17:56:57Z,en,,2025-05-31 17:56:57,,GEO,,,,,Fishes,established,2015.0,,,,2015-06-01T12:00:00Z,After,True
Perca europea,KHMEcfYspy8,PROXIMO VIDEO EN EL CANAL / PERCA EUROPEA-FLUVI 🐟🐟🍒🍒 #perch #perchfishing #perchzone #fishing,,2025-06-01T17:30:01Z,Basque Seabass,"40.0, -3.7",https://www.youtube.com/watch?v=KHMEcfYspy8,1395.0,10.0,0.0,,Perca_fluviatilis,Perca europea,2025-06-01T17:30:01Z,en,,2025-06-01 17:30:01,,GEO,,,,,Fishes,established,2015.0,,,,2015-06-01T12:00:00Z,After,True
Perca fluviatilis,Qm98_LcWx94,Perca Fluviatilis,,2023-03-20T14:37:55Z,Entre rios y rutas,"40.0, -3.7",https://www.youtube.com/watch?v=Qm98_LcWx94,462.0,9.0,2.0,"Las fluvis, tengo que ir a por ellas",Perca_fluviatilis,Perca fluviatilis,2023-03-20T14:37:55Z,it,,2023-03-20 14:37:55,,GEO,,,,,Fishes,established,2015.0,,,,2015-06-01T12:00:00Z,After,True
Perca fluviatilis,XL_FaDQihC8,PERCHE Commune/Chasse et Proies/Perca fluviatilis ! BRUITX,Vidéos Réalisées sur et dans un étang du centre de la France : Le 27 Mai 2013 ! Vieille Perche d'environ 35 Centimètres de ...,2013-06-09T13:30:15Z,BRUITX,"40.0, -3.7",https://www.youtube.com/watch?v=XL_FaDQihC8,654.0,3.0,,,Perca_fluviatilis,Perca fluviatilis,2013-06-09T13:30:15Z,fr,,2013-06-09 13:30:15,,GEO,,,,,Fishes,established,2015.0,,,,2015-06-01T12:00:00Z,Before,True
Perca fluviatilis,UriqdgVpzSQ,PERCHE Commune/Affût/Perca fluviatilis ! BRUITX,Vidéo Réalisée dans un étang au centre de la France : Le 2 Mai 2011 !,2011-09-23T08:14:02Z,BRUITX,"40.0, -3.7",https://www.youtube.com/watch?v=UriqdgVpzSQ,485.0,1.0,,,Perca_fluviatilis,Perca fluviatilis,2011-09-23T08:14:02Z,fr,,2011-09-23 08:14:02,,GEO,,,,,Fishes,established,2015.0,,,,2015-06-01T12:00:00Z,Before,True
Phoeniculus purpureus,aGxPfCR6Cng,Feeding station in the African Aviary at Bioparc de Doué-la-Fontaine,"Spreo starling (Lamprotornis superbus), green wood hoopoe (Phoeniculus purpureus), black-cheeked lovebird (Agapornis ...",2024-06-07T12:09:39Z,Paul Rose,"40.0, -3.7",https://www.youtube.com/watch?v=aGxPfCR6Cng,39.0,0.0,0.0,,Phoeniculus_purpureus,Phoeniculus purpureus,2024-06-07T12:09:39Z,en,,2024-06-07 12:09:39,,GEO,,,,,Birds,casual,2014.0,,,,2014-06-01T12:00:00Z,After,True
Picudo del agave,Ldl5rMf-d_c,UJA INVESTIGA El picudo del agave,"Hoy en #UJAinvestiga Francisco Guerrero, investigador de la Universidad de Jaén, nos explica porqué una planta, tan enraizada ...",2022-03-25T12:00:43Z,SER Radio Jaén,"40.0, -3.7",https://www.youtube.com/watch?v=Ldl5rMf-d_c,57.0,1.0,0.0,,Scyphophorus_acupunctatus,Picudo del agave,2022-03-25T12:00:43Z,es,Spain,2022-03-25 12:00:43,,GEO,,,,,Insects,established,2007.0,,,,2007-06-01T12:00:00Z,After,True
Platalea ajaja,F8UTt0NSZBM,Oiseaux spatule rose/pink spoonbill bird/கரண்டிவாயன் பறவை likes and subscribe please thank you 🙏🏾,"La spatule rosée (nom scientifique: Platalea ajaja) est une des six espèces de spatules, qui sont des oiseaux aquatiques. Elle est ...",2022-02-20T17:27:13Z,Thanesh # தனேசநின் Arumaithurai # அருமைத்துரை,"40.0, -3.7",https://www.youtube.com/watch?v=F8UTt0NSZBM,96.0,12.0,0.0,,Platalea_ajaja,Platalea ajaja,2022-02-20T17:27:13Z,ta,,2022-02-20 17:27:13,,GEO,,,,,Birds,casual,2008.0,,,,2008-06-01T12:00:00Z,After,True
Platalea ajaja,PatushSbuPQ,La Spatule Rose est un oiseau aquatique - Zoo d&#39; Upie   (Drôme) France,Visite au Jardin aux Oiseaux à Upie (Drôme) - Observation du comportement de la Spatule Rose - (Platalea ajaja) - Espèce ...,2018-06-14T19:26:46Z,Maryka46,"40.0, -3.7",https://www.youtube.com/watch?v=PatushSbuPQ,1023.0,5.0,,,Platalea_ajaja,Platalea ajaja,2018-06-14T19:26:46Z,fr,,2018-06-14 19:26:46,,GEO,,,,,Birds,casual,2008.0,,,,2008-06-01T12:00:00Z,After,True
Platycerium bifurcatum,1q9qclXWssg,El Curioso Platycerium Bifurcatum #helechos #platycerium #chifredeveado #houseplants #platicerium #é,,2025-03-04T02:30:51Z,Deeroficial,"40.0, -3.7",https://www.youtube.com/watch?v=1q9qclXWssg,49.0,6.0,0.0,,Platycerium_bifurcatum,Platycerium bifurcatum,2025-03-04T02:30:51Z,,,2025-03-04 02:30:51,,GEO,,,,,Plants,established,2017.0,,,,2017-06-01T12:00:00Z,After,True
Platycerium bifurcatum,scoJuR9wL8A,DIY Staghorn Fern Mount + Ikea hack | Easy and Affordable Indoor Plant Decor,"Hi there! Thanks for visiting my channel :) In this video I talk about my Staghorn fern (Platycerium bifurcatum), and since he was ...",2021-04-21T12:40:35Z,Mini Home Jungle,"40.0, -3.7",https://www.youtube.com/watch?v=scoJuR9wL8A,9585.0,337.0,23.0,"Brilliant idea! I have two ferns needing mounted but was struggling to find something suitable. Just ordered two types of cork mats from ikea, bargain at £11 inc delivery. Great video, thanks 😊 | Great video. I have an 8 inch pot and a 6 inch pot full of staghorn ferns that need to be mounted. I ordered white birch slices with the bark still intact, but they're fresh cut and need to dry first before I can mount my ferns to them. I'm excited 😊 | Did the cork board and cardboards hold up? In my experience they tend do rot fairly easily that's why I prefer to use some sort of harder wood instead. Like a cutting board. | I just wanna say that I'm in love with your intro!! Super cool and well executed! | I really like this idea, very creative! I have seen them mounted on planks but I felt like that was too heavy looking and inorganic. I like the round shape a lot more | Is there an update video of these three stag horns. To see how they look now? And how they grew on the wall on the mounts? | Thanks. The board is a cool idea. | This was very informative and a very clever idea to mount them on a round potstand. Enjoyed the video! | So I wonder how the cork circles are holding up as the ferns grow. Are they decomposing at all? Are you getting any mildew on your walls behind where they are hung? | Great job, Alexandra! What other plants would you suggest to mount this way?",Platycerium_bifurcatum,Platycerium bifurcatum,2021-04-21T12:40:35Z,en,,2021-04-21 12:40:35,,GEO,,,,,Plants,established,2017.0,,,,2017-06-01T12:00:00Z,After,True
Platycerium bifurcatum,YLzDdMxptg8,Stag’s Horn Fern (Platycerium bifurcatum),,2023-04-07T18:29:52Z,Floretik,"28.3, -16.6",https://www.youtube.com/watch?v=YLzDdMxptg8,2481.0,32.0,0.0,,Platycerium_bifurcatum,Platycerium bifurcatum,2023-04-07T18:29:52Z,,,2023-04-07 18:29:52,,GEO,,,,,Plants,established,2017.0,,,,2017-06-01T12:00:00Z,After,True
Psittacus erithacus,5wtZoEyt63k,African grey and Timneh grey parrot exhibit at Loro Parque,African grey (Psittacus erithacus) and Timneh grey (Psittacus timneh) parrots in a mixed aviary at Loro Parque.,2024-08-18T13:55:23Z,Paul Rose,"28.3, -16.6",https://www.youtube.com/watch?v=5wtZoEyt63k,60.0,0.0,,,Psittacus_erithacus,Psittacus erithacus,2024-08-18T13:55:23Z,en,,2024-08-18 13:55:23,,GEO,,,,,Birds,casual,2014.0,,,,2014-06-01T12:00:00Z,After,True
Rabadilla roja,KvoqdYjb-hw,Alimentando a Periquitos rabadilla roja papilleros,Buenas chicos/as os dejo la información aquí abajo: Mi instagram: https://www.instagram.com/aviarioariadna/ Hoy teneís un video ...,2020-04-07T22:16:36Z,Aviario Ariadna,"28.3, -16.6",https://www.youtube.com/watch?v=KvoqdYjb-hw,1877.0,21.0,1.0,Nido,Psephotus_haematonotus,Rabadilla roja,2020-04-07T22:16:36Z,es,Spain,2020-04-07 22:16:36,,GEO,,,,,Birds,alien,2006.0,,,,2006-06-01T12:00:00Z,After,True
Rapana venosa,KaieVFp4oAE,Rapana venosa #funnyfish #cute #funny  #shortsyoutube #shorts,,2023-06-09T05:00:08Z,Aquarium Life,"40.0, -3.7",https://www.youtube.com/watch?v=KaieVFp4oAE,528.0,13.0,0.0,,Rapana_venosa,Rapana venosa,2023-06-09T05:00:08Z,en,,2023-06-09 05:00:08,,GEO,,,,,Non-arthropod invertebrates,uncertain,2007.0,,,,2007-03-15T00:00:00Z,After,True
Rapana venosa,8-_Mt8KE6YM,"Molusco - Rapana Venosa - Gasterópodo - Playa de Algarrobo Costa, Málaga",,2024-08-14T22:57:56Z,Cacharro,"40.0, -3.7",https://www.youtube.com/watch?v=8-_Mt8KE6YM,535.0,11.0,0.0,,Rapana_venosa,Rapana venosa,2024-08-14T22:57:56Z,,,2024-08-14 22:57:56,,GEO,,,,,Non-arthropod invertebrates,uncertain,2007.0,,,,2007-03-15T00:00:00Z,After,True
Rapana venosa,5y6T_kc-e7E,"@หอยทะเล Rapana venosa (หอยโข่งทะเล,หอยสังข์ตุรกี,หอยสังข์หอม) ตัวสวย หอยแมลงภู่ ทะเลเมดิฯ",เก็บหอยทะเล #ทะเลเมดิเตอร์เรเนียน #ทะเล #หอยแมลงภู่ #เก็บหอยต่าง #vedioviral #longvedio #วิดีโอยาว #enjoy #happy #life #slowlife ...,2024-08-19T19:59:05Z,Kaew ใช้ชีวิตให้เป็นเรื่องง่ายๆ ในต่างแดน,"40.0, -3.7",https://www.youtube.com/watch?v=5y6T_kc-e7E,8.0,0.0,2.0,มีคุณค่าโภชนาการที่ดี ทะเลสะอาด ไกลหมู่บ้าน น้ำใส จนไม่อยากกลับบ้านเลย😅😂😂 | หอยชนิดนี้ เนื้อแน่น แซ่บบบ เพิ่มพลัง😋😉🤞👍,Rapana_venosa,Rapana venosa,2024-08-19T19:59:05Z,th,,2024-08-19 19:59:05,,GEO,,,,,Non-arthropod invertebrates,uncertain,2007.0,,,,2007-03-15T00:00:00Z,After,True
Reticulitermes flavipes,F5UP8vujJeI,Termitas en Tacoronte (Tenerife),Reticulitermes flavipes.,2018-10-27T10:07:07Z,David Mora del Pozo,"28.3, -16.6",https://www.youtube.com/watch?v=F5UP8vujJeI,470.0,2.0,0.0,,Reticulitermes_flavipes,Reticulitermes flavipes,2018-10-27T10:07:07Z,,,2018-10-27 10:07:07,,GEO,,,,,Insects,alien,2010.0,,,,2010-06-01T12:00:00Z,After,True
Rugulopteryx okamurae,iIuusyuSx58,Alga invasora | Invasive algae | Pacífico Açores | Rugulopteryx okamurae | Expedição Faial Fev2022,"Expedição para avaliação da cobertura da alga marinha do pacífico Rugulopteryx okamurae no Atlântico Norta, na Ilha do Faial, ...",2022-02-18T03:15:26Z,Atlantic Naturalist,"38.65, -28.00",https://www.youtube.com/watch?v=iIuusyuSx58,1148.0,29.0,0.0,,Rugulopteryx_okamurae,Rugulopteryx okamurae,2022-02-18T03:15:26Z,,,2022-02-18 03:15:26,,GEO,,,,,Plants,alien,2015.0,,,,2015-06-01T12:00:00Z,After,True
Scyphophorus acupunctatus,MH365jBfooE,Scyphophorus acupunctatus Javea 31 1 2021,"Afectan a/infect: Agave (Piteras) y otros ornamentales tal como Beucarnea recuvata, Yucca, Aloe, Dracaena, Furcrae.",2021-01-31T11:28:55Z,Silvia Hellingman,"40.0, -3.7",https://www.youtube.com/watch?v=MH365jBfooE,149.0,1.0,0.0,,Scyphophorus_acupunctatus,Scyphophorus acupunctatus,2021-01-31T11:28:55Z,,,2021-01-31 11:28:55,,GEO,,,,,Insects,established,2007.0,,,,2007-06-01T12:00:00Z,After,True
Tapinoma melanocephalum,rkrUHIEmFTs,🐜  HONEY or SUGAR? THE GHOST ANT in action #ants #insects #experiment,Ghost ant (Tapinoma melanocephalum) facing two alternative sources: honey from bees or white sugar. The Ghost ant is a ...,2023-04-03T09:11:20Z,Natural Moments,"28.3, -16.6",https://www.youtube.com/watch?v=rkrUHIEmFTs,15214.0,103.0,9.0,Honey | Where's the ants I can't see them 😢 | not a fair experiement they can drink the honey immediatly and have to lick the sugar up which is alot of work  and im also sure the honey smells more intense | What type of ants are these?,Tapinoma_melanocephalum,Tapinoma melanocephalum,2023-04-03T09:11:20Z,en,,2023-04-03 09:11:20,,GEO,,,,,Insects,established,2014.0,,,,2014-06-01T12:00:00Z,After,True
Testudo marginata,kthcRDXjVFc,Ponte tortue marginata - marginated turtle laying eggs,"Ponte d'une testudo marginata, l'une des plus grosses tortues européenne. Elles pondent entre 8 et 20 œufs selon la taille de la ...",2019-12-17T14:04:26Z,graines-de-tortue,"40.0, -3.7",https://www.youtube.com/watch?v=kthcRDXjVFc,280.0,1.0,1.0,"URGENT😓 Bonjour, je suis entre Nimes et Montpellier, mes graecas ont pondu le 23 mai, le 12 juin, au nord et non au sud, il y avait quand même les conditions, et j'ai lu qu'il était mieux, de terminer l'incubation artificiellement, pouvez-vlus me conseiller s'il vous plaît?Je souhaiterais agir rapidement mais ...
Je prends tous les conseils",Testudo_marginata,Testudo marginata,2019-12-17T14:04:26Z,,,2019-12-17 14:04:26,,GEO,,,,,Herptiles,established,2017.0,,,,2017-06-01T12:00:00Z,After,True
Testudo marginata,zA92_Fo5Jso,Tortuga Testudo Marginata,Tortuga Testudo Marginata. te gustaría cuidar de ellas? #tortuga #testudo #marginata #tortoise #terrario #mascotas.,2024-11-20T10:00:22Z,My Shrimp House,"40.0, -3.7",https://www.youtube.com/watch?v=zA92_Fo5Jso,321.0,17.0,5.0,Un macho cuanto puede llegar a medir de adulto? | Son preciosas,Testudo_marginata,Testudo marginata,2024-11-20T10:00:22Z,,,2024-11-20 10:00:22,,GEO,,,,,Herptiles,established,2017.0,,,,2017-06-01T12:00:00Z,After,True
Testudo marginata,TT0s4eVh58M,Deposizione Testudo Marginata #turtle,,2025-05-01T07:36:41Z,Il Paradiso delle Tartarughe,"40.0, -3.7",https://www.youtube.com/watch?v=TT0s4eVh58M,2386.0,52.0,3.0,1 maggio ma di | El 30 | Adoro le tartarughe,Testudo_marginata,Testudo marginata,2025-05-01T07:36:41Z,en,,2025-05-01 07:36:41,,GEO,,,,,Herptiles,established,2017.0,,,,2017-06-01T12:00:00Z,After,True
Testudo marginata,Fl9S70-gqNI,Femmina di Testudo marginata sarda,,2023-05-07T16:29:22Z,Il Paradiso delle Tartarughe,"40.0, -3.7",https://www.youtube.com/watch?v=Fl9S70-gqNI,1816.0,43.0,0.0,,Testudo_marginata,Testudo marginata,2023-05-07T16:29:22Z,,,2023-05-07 16:29:22,,GEO,,,,,Herptiles,established,2017.0,,,,2017-06-01T12:00:00Z,After,True
Testudo marginata,pI_zofzs24A,Tartaruga a spasso,"Testudo marginata - Schoepff, 1792 - riprese video T.Gamboni.",2020-02-23T14:22:47Z,Tommaso Gamboni,"40.0, -3.7",https://www.youtube.com/watch?v=pI_zofzs24A,217.0,2.0,0.0,,Testudo_marginata,Testudo marginata,2020-02-23T14:22:47Z,en,,2020-02-23 14:22:47,,GEO,,,,,Herptiles,established,2017.0,,,,2017-06-01T12:00:00Z,After,True
ToLCNDV,S42j5I317HI,Virus hortícola de Nueva Delhi en pepino I ToLCNDV,Conoce los principales síntomas de esta enfermedad en cultivo de pepino.,2021-11-07T18:27:03Z,AgroComunidad by Caterina Pak,"40.0, -3.7",https://www.youtube.com/watch?v=S42j5I317HI,719.0,3.0,0.0,,Tomato_leaf_curl_New_Delhi_virus,ToLCNDV,2021-11-07T18:27:03Z,es,Spain,2021-11-07 18:27:03,,GEO,,,,,"Bacteria, Viruses, Fungi",alien,2012.0,,,,2012-06-01T12:00:00Z,After,True
Tortuga caiman,j9qS9EFLXyA,🐢 Tortuga Caimán: El Depredador Prehistórico de Agua Dulce,"Con su apariencia de fósil viviente, la tortuga caimán es uno de los reptiles más intimidantes del mundo. Su caparazón rugoso ...",2025-07-01T14:30:43Z,Asombro Animal,"40.0, -3.7",https://www.youtube.com/watch?v=j9qS9EFLXyA,19.0,0.0,0.0,,Macrochelys_temminckii,Tortuga caiman,2025-07-01T14:30:43Z,es,Spain,2025-07-01 14:30:43,,GEO,,,,,Herptiles,alien,2011.0,,,,2011-06-01T12:00:00Z,After,True
Tortuga caiman,h5y-LD0H3g4,🐢vs🐡 Tortuga Caimán VS Pez Globo ¿quién ganará? 😱 #vs,vs   Tortuga Caimán VS Pez Globo ¿quién ganará? #vs Pesca Huelva. Mira también el video promo del canal: ...,2025-03-13T10:00:53Z,Corvina Negra,"40.0, -3.7",https://www.youtube.com/watch?v=h5y-LD0H3g4,387.0,12.0,6.0,A ese no se lo come | Que pasada! | Uffff,Macrochelys_temminckii,Tortuga caiman,2025-03-13T10:00:53Z,es,Spain,2025-03-13 10:00:53,,GEO,,,,,Herptiles,alien,2011.0,,,,2011-06-01T12:00:00Z,After,True
Tortuga caiman,sE0nTfc5huU,Lengua de Tortuga caimán | #tortugacaimán #Alligatorsnappingturtle #Macrochelystemminckii,tortugacaimán #Alligatorsnappingturtle #Macrochelystemminckii Es una las mayores tortugas de agua dulce del mundo.,2024-06-19T18:00:26Z,Wild Victor,"40.0, -3.7",https://www.youtube.com/watch?v=sE0nTfc5huU,1189.0,13.0,1.0,La evolución es impresionante.,Macrochelys_temminckii,Tortuga caiman,2024-06-19T18:00:26Z,es,Spain,2024-06-19 18:00:26,,GEO,,,,,Herptiles,alien,2011.0,,,,2011-06-01T12:00:00Z,After,True
Tortuga caiman,pWzxdWdg19s,La IMPRESIONANTE tortuga CAIMAN #shorts,Aquí te muestro a la #tortuga #caiman y te explico cómo caza. #youtubeshorts #animales #animal #naturaleza #sabiasque #viral ...,2023-05-29T17:00:36Z,Biología En Segundos,"40.0, -3.7",https://www.youtube.com/watch?v=pWzxdWdg19s,6504.0,223.0,0.0,,Macrochelys_temminckii,Tortuga caiman,2023-05-29T17:00:36Z,,,2023-05-29 17:00:36,,GEO,,,,,Herptiles,alien,2011.0,,,,2011-06-01T12:00:00Z,After,True
Tortuga falsa mapa,EOh-iLn3d2Y,"Tortuga falsa mapa en el acuario del jardín, más feliz que una perdiz",,2024-05-18T15:53:50Z,Las Aventuras del Camino,"40.0, -3.7",https://www.youtube.com/watch?v=EOh-iLn3d2Y,484.0,10.0,2.0,Que aigua mes neta.,Graptemys_pseudogeographica,Tortuga falsa mapa,2024-05-18T15:53:50Z,es,Spain,2024-05-18 15:53:50,,GEO,,,,,Herptiles,established,2013.0,,,,2013-06-01T12:00:00Z,After,True
Trachymela sloanei,qJLWWMndj0o,EUCALYPTUS tortoise BEETLE in Canary Islands #insects #beetle #eucalyptus #grancanaria,"EUCALYPTUS tortoise beetle (Trachymela sloanei) in Gran Canaria, july 2023 #coleoptera #canarias #exotic.",2023-07-07T19:32:30Z,Natural Moments,"28.3, -16.6",https://www.youtube.com/watch?v=qJLWWMndj0o,1586.0,31.0,0.0,,Trachymela_sloanei,Trachymela sloanei,2023-07-07T19:32:30Z,,,2023-07-07 19:32:30,,GEO,,,,,Insects,alien,2014.0,,,,2014-06-01T12:00:00Z,After,True
Tuta absoluta,l2RpW8btCVA,Como eliminarla TUTA ABSOLUTA del tomate: guía ecológica y efectiva #tomate #agriculture #ecologico,"Tienes TUTA ABSOLUTA en tus tomates? Te explico cómo eliminarla paso a paso con métodos ecológicos: Bacillus, trampas y ...",2025-07-02T18:00:06Z,Verdura Vital,"40.0, -3.7",https://www.youtube.com/watch?v=l2RpW8btCVA,19508.0,369.0,7.0,"Yo intenté eso y otros supuestos remedios ecofriendlys y nada me funcionó. Al final tuve que usar un zapper anti mosquitos solar que freía a muchas de esas palomillas por las noches e insecticida sistémico para matar a las orugas que había en las plantas.

Supongo que esto no sirve si vives en zona mediterranea donde la climatología no tiene termino medio, o hace mucho frio o mucho calor y te cae un chaparrón random cualquier tarde. | Buen vídeo. 
Yo la controlo con bacillus + Neem+ melaza.
No se ve que tengan mildiu. ¡ Qué suerte!
Gracias | El spintor no se puede comprar sin carnet creo, yo estoy usando epik+bacillus+ neem. Demomento con buenos resultados | Muchas gracias 😊 | Pues lo mismo estoi cometiendo una locura, pero me resulta imposible sin quimicos controlarla aga como lo aga🤷este año los estoi asofatando con deltrimor cada 5 dias, a los tres dias vuelvo a tener tuta en las hojas, pero por primera vez en años los tomates se ""ven"" sanos🥲. Me recomiendas en exterior podar las tomateras como las tienes tu y embolver protejer los racimos de tomates del sol con bolsas de plastico o papel? Tienes el oficio más bonitos y necesario del mundo👍 enhorabuena 🙋 | 👍🏼😉 gracias!! | Vaya oruga más asquerosa 😂😂",Phthorimaea_absoluta,Tuta absoluta,2025-07-02T18:00:06Z,es,Spain,2025-07-02 18:00:06,,GEO,,,,,Insects,established,2006.0,,,,2006-06-01T12:00:00Z,After,True
Tuta absoluta,Ipt95IDQwgc,Tuta absoluta 🐛🍅🥔,Tuta absoluta #agricentrojesusnavas #ctajesusnavas #CrecemosJuntos #agricolanavas #ingenierojesusnavas ...,2024-07-23T18:02:40Z,Jesús Navas,"40.0, -3.7",https://www.youtube.com/watch?v=Ipt95IDQwgc,1026.0,39.0,0.0,,Phthorimaea_absoluta,Tuta absoluta,2024-07-23T18:02:40Z,,,2024-07-23 18:02:40,,GEO,,,,,Insects,established,2006.0,,,,2006-06-01T12:00:00Z,After,True
Tuta absoluta,SoHV1YzAzNo,🍅 Trampas para la Tuta Absoluta. #huerto #shorts #short #tomates #tomate #trampa #viral,,2024-07-04T16:30:55Z,Abonos Calsilla,"40.0, -3.7",https://www.youtube.com/watch?v=SoHV1YzAzNo,1684.0,23.0,0.0,,Phthorimaea_absoluta,Tuta absoluta,2024-07-04T16:30:55Z,,,2024-07-04 16:30:55,,GEO,,,,,Insects,established,2006.0,,,,2006-06-01T12:00:00Z,After,True
Tuta absoluta,uERPU6s4_qQ,Tuta Absoluta au stade nerveur#insects#traitements#tomate#🍅🍅,Vidéo de bensmail.,2022-06-11T17:22:22Z,معلومات مهمة حول الفلاحة,"40.0, -3.7",https://www.youtube.com/watch?v=uERPU6s4_qQ,184.0,8.0,2.0,Ayuuuz nk así abduuu | Tuta,Phthorimaea_absoluta,Tuta absoluta,2022-06-11T17:22:22Z,fr,,2022-06-11 17:22:22,,GEO,,,,,Insects,established,2006.0,,,,2006-06-01T12:00:00Z,After,True
Tuta absoluta,dficjE4eWqs,¿Tienes TUTA ABSOLUTA en tus tomates? Te explico cómo eliminarla paso a paso!#agriculture #ecologico,"Tienes TUTA ABSOLUTA en tus tomates? Te explico cómo eliminarla paso a paso con métodos ecológicos: Bacillus, trampas y ...",2025-07-04T17:45:02Z,Verdura Vital,"40.0, -3.7",https://www.youtube.com/watch?v=dficjE4eWqs,7209.0,186.0,1.0,No tengo acceso regular a nada de eso. Por eso utilizo una lampara solar anti insectos parecida a las que se ponen en las carnicerías. Toda la noche se pueden escuchar chisporroteando en la rejilla.,Phthorimaea_absoluta,Tuta absoluta,2025-07-04T17:45:02Z,es,Spain,2025-07-04 17:45:02,,GEO,,,,,Insects,established,2006.0,,,,2006-06-01T12:00:00Z,After,True
Tuta absoluta,fnl4h45YsYc,🐛🍅 Elimina TUTA ABSOLUTA con BACILLUS THURINGIENSIS | Control BIOLÓGICO 100% efectivo,Ayuda Youtuber: Comprar Bacillus thuringiensis Amazon: https://amzn.to/4lxoWg2 Aceite de Neem: https://amzn.to/4lxpkeu ...,2025-07-13T21:35:13Z,Huerta Márquez,"40.0, -3.7",https://www.youtube.com/watch?v=fnl4h45YsYc,4750.0,83.0,13.0,"Añades algún tipo de jabón para disolver el aceite de Neem en agua, como podrían ser algunas gotas de lavavajillas ecológico? | Marquez, una pregunta. Y cuando se pone el tronco de la planta de los tomates, color morrón  oscuro, y se le va secando la hoja. No le cuaja ni un tomate. Eso que enfermedad es, y como tratarla.😢 | Hola amigo😊 ami me dio en varios tomates y los quite..tres tomatitos y pulverice jabón potasico😅 cada dio vijilo jajajaja..mi primer año cosechando y me dio la tuta😢..me encanta tus consejos, gracias 🫂 desde galicia😊 | No da ejemplo, dice que hay que usar guantes..los suyos? | Yo por ahora solo se han picado 2 tomates, la estoy observando. Para no utilizar productos, como has dicho al final, intento esperar a que la naturaleza haga su trabajo. | Comprar bacillus thuringiensis Amazon: https://amzn.to/4lxoWg2
Aceite de Neem:
https://amzn.to/4lxpkeu
Gracias por tu ayuda al canal. 😊",Phthorimaea_absoluta,Tuta absoluta,2025-07-13T21:35:13Z,,,2025-07-13 21:35:13,,GEO,,,,,Insects,established,2006.0,,,,2006-06-01T12:00:00Z,After,True
Tuta absoluta,akmbcbq8wB8,🐛Controla Tuta absoluta sin químicos: Bacillus thuringiensis y aceite de Neem. #tomate #huerto #bt,,2025-07-16T05:00:45Z,Huerta Márquez,"40.0, -3.7",https://www.youtube.com/watch?v=akmbcbq8wB8,8605.0,170.0,4.0,Pero sin jabón potásico cómo disuelves el aceite de Neem en el agua?,Phthorimaea_absoluta,Tuta absoluta,2025-07-16T05:00:45Z,,,2025-07-16 05:00:45,,GEO,,,,,Insects,established,2006.0,,,,2006-06-01T12:00:00Z,After,True
Tuta absoluta,nFHhz7ncMtw,le traitement contre tuta absoluta qui attaque la tomate 🍅,سلام عليكم ورحمة الله وبركاته   عدنا إليكم من جديد بمحتوى جديد على القناة أتمنى أن ينال إعجابكم   هدف هدا المحتوى هو إعطائكم لمحى عن ...,2023-05-06T20:00:19Z,Hey Charaf,"40.0, -3.7",https://www.youtube.com/watch?v=nFHhz7ncMtw,230.0,7.0,1.0,سلام خويا واش تقدر تقدم لي معلومات عن هذا المجال عفاك,Phthorimaea_absoluta,Tuta absoluta,2023-05-06T20:00:19Z,ar,,2023-05-06 20:00:19,,GEO,,,,,Insects,established,2006.0,,,,2006-06-01T12:00:00Z,After,True
Tuta absoluta,6qfInu0Iu1A,EFICAZ REMEDIO ORGÁNICO para ELIMINAR la ORUGA del TOMATE o tuta absoluta,EFICAZ REMEDIO para ELIMINAR la ORUGA del TOMATE o tuta absoluta REMEDIO EFECTIVO para ELIMINAR la ORUGA del ...,2023-09-10T11:12:56Z,La huerto terraza de Alex,"28.3, -16.6",https://www.youtube.com/watch?v=6qfInu0Iu1A,6598.0,109.0,6.0,"😮Buen tip Alex 
Con pesticidas biológicos y orgánicos. | Buena mezcla | Terimakasih atas tutorialnya",Phthorimaea_absoluta,Tuta absoluta,2023-09-10T11:12:56Z,,,2023-09-10 11:12:56,,GEO,,,,,Insects,established,2006.0,,,,2006-06-01T12:00:00Z,After,True
Tuta absoluta,OXBmJKYB8ac,PLAGA en TOMATERA 🍅😱 | REMEDIO orgánico y biológico contra la TUTA ABSOLUTA o polilla del tomate,"Saludos amigos y amigas, hoy traigo un REMEDIO orgánico y biológico contra la TUTA ABSOLUTA o polilla del tomate. La TUTA ...",2021-11-10T16:30:02Z,La huerto terraza de Alex,"28.3, -16.6",https://www.youtube.com/watch?v=OXBmJKYB8ac,1942.0,83.0,149.0,"Probaré! 👍Gracias! | Hola cómo se llama el producto que utilizas? | A mi también me atacó esa asquerosa plaga, la descubrir pronto, uso los mismos productos que as señalado, la controlas sacándole las hojas todo lo infectado  , y sulfatando cada semana, y si perdiste cada  cuatro días. Es muy difícil de eliminar, pero así conseguimos comer los tomates. Buen vídeo. | EXCELENTES REMEDIOS PARA COMBATIR LAS PLAGAS, AMBAS SON BUENAS Y SI LAS RECOMIENDA ME QUEDO CON ELLAS...!!! | Hola Alex. Muy claro tu video. Excelente explicación | hola amigo que bonita tomatera y el cherry que es tan delicioso, claro toca estar haciendo control de plagas y excelente como cuidas tus plantas  | Exelente video amigo saludos desde California bendiciones | OOOHHH hermosa tomatera, pero siempre tan sensibles a las plagas, cuando antes se las detecte mucho mejor y más fácil de combatir, muchas gracias Alex | Muy buena información! Muchas gracias 👍. | Que buena explicación , Felicidades por tu canal. Suscripción hecha y nuestro like 👍",Phthorimaea_absoluta,Tuta absoluta,2021-11-10T16:30:02Z,es,Spain,2021-11-10 16:30:02,,GEO,,,,,Insects,established,2006.0,,,,2006-06-01T12:00:00Z,After,True
Vanellus senegallus,EKTpr5-3CVc,Primera nidada de Avefría Senegalesa (Vanellus senegallus) en BIOPARC Valencia,Junio 2024. Primera nidada de Avefría Senegalesa en BIOPARC Valencia Por el momento los 4 polluelos de esta peculiar ave ...,2024-06-19T06:58:42Z,BIOPARC Valencia,"40.0, -3.7",https://www.youtube.com/watch?v=EKTpr5-3CVc,654.0,57.0,2.0,Es preciosa❤❤❤ y esos polluelos tan graciosos..a ver si salen de la lista roja de especie amenazada😢😢 | Muy buena noticia 👍 todos los animales son importantes para la bio diversidad aunque sean pequeños ❤,Vanellus_senegallus,Vanellus senegallus,2024-06-19T06:58:42Z,,,2024-06-19 06:58:42,,GEO,,,,,Birds,casual,2008.0,,,,2008-06-01T12:00:00Z,After,True
Varanus exanthematicus,PVaH-8ICiKA,VARANUS EXANTHEMATICUS ( Varan des savanes ),VARANUS EXANTHEMATICUS JUVÉNILE.,2024-02-01T21:34:59Z,L'ARCHE DE LUCAS FAUNE ET FLORE,"40.0, -3.7",https://www.youtube.com/watch?v=PVaH-8ICiKA,20.0,0.0,0.0,,Varanus_exanthematicus,Varanus exanthematicus,2024-02-01T21:34:59Z,,,2024-02-01 21:34:59,,GEO,,,,,Herptiles,uncertain,2011.0,,,,2011-06-01T12:00:00Z,After,True
Varanus exanthematicus,rexMWjiwikI,VARANUS EXANTHEMATICUS ( JUVÉNILE ),,2024-02-06T21:05:03Z,L'ARCHE DE LUCAS FAUNE ET FLORE,"40.0, -3.7",https://www.youtube.com/watch?v=rexMWjiwikI,184.0,7.0,0.0,,Varanus_exanthematicus,Varanus exanthematicus,2024-02-06T21:05:03Z,,,2024-02-06 21:05:03,,GEO,,,,,Herptiles,uncertain,2011.0,,,,2011-06-01T12:00:00Z,After,True
Varanus exanthematicus,ysIaM63Ak-M,VARANUS EXANTHEMATICUS ( Varan des savanes ),VARANUS EXANTHEMATICUS JUVÉNILE.,2024-02-01T20:40:31Z,L'ARCHE DE LUCAS FAUNE ET FLORE,"40.0, -3.7",https://www.youtube.com/watch?v=ysIaM63Ak-M,30.0,,0.0,,Varanus_exanthematicus,Varanus exanthematicus,2024-02-01T20:40:31Z,,,2024-02-01 20:40:31,,GEO,,,,,Herptiles,uncertain,2011.0,,,,2011-06-01T12:00:00Z,After,True
Vespa asiatica,ZrwhqXoqPYQ,Vespa asiàtica | Sessió tècnica informativa a ens locals i entitats del Baix Penedès,"Els nius de vespa asiàtica alerten de la presència d'aquesta espècie invasora. Per saber com lluitar-hi, la Diputació de Tarragona ...",2021-02-16T08:28:54Z,Diputació de Tarragona,"39.7, -8.0",https://www.youtube.com/watch?v=ZrwhqXoqPYQ,74.0,0.0,,,Vespa_velutina,Vespa asiatica,2021-02-16T08:28:54Z,ca,Spain,2021-02-16 08:28:54,,GEO,,,,,Insects,established,2011.0,,,,2010-08-21T00:00:00Z,After,True
Vespa orientalis,95UNrsNNNzA,PLAGA de AVISPON ORIENTAL (&quot;VESPA ORIENTALIS&quot;),"PLAGA de AVISPON ORIENTAL (""VESPA ORIENTALIS"") ➡️ Especie exótica invasora de expansión ágil. ➡️ Grave peligro ...",2025-08-21T16:22:51Z,GrupoForestal-es,"40.0, -3.7",https://www.youtube.com/watch?v=95UNrsNNNzA,585.0,9.0,1.0,Y Huelva en la sierra de Aracena mi compañero de setas sufrió su picadura😢,Vespa_orientalis,Vespa orientalis,2025-08-21T16:22:51Z,,,2025-08-21 16:22:51,,GEO,,,,,Insects,alien,2012.0,,,,2012-06-01T12:00:00Z,After,True
Vespa orientalis,-1ge-tHp-tk,Trampa y atrayente para vespa orientalis,"En este vídeo, después de varios intentos, por fin encontramos la formula para hacer un atrayente para avispas y en el que no ...",2025-04-16T18:00:00Z,Sierras De Berrocal,"40.0, -3.7",https://www.youtube.com/watch?v=-1ge-tHp-tk,1396.0,52.0,8.0,"Aquí en My país las avispas invasoras son las que llamamos carniceras son amarillas y pican más duro que las abejas | Buenos días saludos desde Venezuela que tipo de avispas hablas | La mejor agua+azúcar (3:1)+levadura, espera un par de días a que la mezcla huela a fermentado antes de colocarla, esto evitará que entren abejas, aunque alguna siempre entrará. Coloca varias trampas a unos 50 m alrededor, se trata de coger reinas que anden en las proximidades para evitar nidos cerca, en el colmenar se actúa a partir de septiembre cuando empiecen a atacarlo de verdad. La mejor trampa es una botella de 5l de agua vacía y un par de cuellos de botella de 1l embutidos en ella. Un saludo",Vespa_orientalis,Vespa orientalis,2025-04-16T18:00:00Z,es,Spain,2025-04-16 18:00:00,,GEO,,,,,Insects,alien,2012.0,,,,2012-06-01T12:00:00Z,After,True
Vespa orientalis,E13X6nMNspc,Meeting a beautiful oriental hornet (Vespa orientalis),Meeting a beautiful oriental hornet (Vespa orientalis) The Oriental hornet (Vespa orientalis) is a social insect species of the family ...,2024-12-23T15:30:05Z,Wonderful World,"40.0, -3.7",https://www.youtube.com/watch?v=E13X6nMNspc,221.0,8.0,4.0,"Not gonna lie, I'd never thought to stop and categorize a hornet as pretty, but you're right! Look at the beautiful markings on it's abdomen! | Please Dongó!!!!🎹🎷🎺😊",Vespa_orientalis,Vespa orientalis,2024-12-23T15:30:05Z,en,,2024-12-23 15:30:05,,GEO,,,,,Insects,alien,2012.0,,,,2012-06-01T12:00:00Z,After,True
Vespa velutina,_33QU7WnpnI,"Larvas, troyanos y ataques de las avispas vespa velutina a los colmenares.","En este video, despiezamos el nido de vespa velutina de control con el que hemos hecho la prueba de troyanos con fipronil y ...",2023-09-01T17:58:52Z,Soutos e Colmeas,"40.0, -3.7",https://www.youtube.com/watch?v=_33QU7WnpnI,3790.0,83.0,41.0,"Estoy de totalmente de acuerdo, yo estoy haciendo pruebas para tratar las avispas con larvicida en vez de insecticida pero todo lo que he provado es muy fuerte,se mueren. La proxima prueba que voy a hacer sera con Bacillus Thuringiensis | A mi no me parece que quede demostrado que los troyanos son inutiles. No podemos cruzarnos de brazos y, a falta de otra solución, trampas y troyanos me siguen pareciendo necesarios. Otra cosa es que tengamos prejuicios contra ellos. | https://www.youtube.com/shorts/zr9MFfyMfNw?feature=share | Hola compañero. Según esas cuentas, habría hasta 4 o 5 ciclos de cría que no explican porque tendría que haber un descenso de la presión en el colmenar a los 13 días.  Según tengo entendido y hasta cierto punto he podido comprobar, las adultas cuando hay larva, obtienen los hidratos de éstas, cuando no hay, lo buscan fuera y presionan también en los colmenares pero se centran más en tratar de robar en colmenas débiles. 
También comentar que, esa tendencia de fundar nidos nuevos, cercanos, a medida que  aumenta el nido original, hace que no todos estén en el mismo estado de desarrollo en la misma época. Gracias por el trabajo compartido. | Hola. Al nido de velutina del tejado se le podría haber puesto una cámara tipo go pro y soltar troyanos marcados y ver si llegan al nido, cuanto tiempo tardan, y cual es el comportamiento de las velutinas en la entrada del nido, si las dejan pasar o si no,..Podría ser interesante. Me refiero al nido del tejado en concreto porque supongo que sería mucho mas sencillo colocar la cámara ahí que no en un árbol.
Me dijeron aplicar el fipronilo con tipex para que les quede más tiempo. No se que tal resultará. Llevo unos días haciendolo. Se lo mezclo con algo de miel. El tipex fresco huele mucho pero cuando seca ese olor se va. Las velutinas quedan vivas mucho tiempo ( 8 minutos por lo menos), de hecho muchas que marco con el tipex vuelven al cebo de miel. Debí soltar unas 20 en 3 días ( tengo poco tiempo) y no se que tal ira. Lo que si que al día siguiente no vuelve ya ninguna a las que tipeé. Lo que si es que aplicar con el pincelito del tipex es comodísimo. Un saludo | Esta es la ARPA que usó YO.
Y funciona de maravilla.
UNA cuchara del cocido Con MIEL.
UN sobre de LOS ratones en polvo.
Y una cuchara de comer la sopa de líquido dél espray que sé le echa a los NIDOS.
Todo mezclado con la miel.
Revuelto Con un poco dé cera.
LO comen dé maravilla.
VAYA sí sé NOTA.🤣👍
Saludos | Ola, donde compras a eletronica que usas para as arpas,gracias ,saudos | Pues creo que si. Está bien lo que dice, pero si envió 370 velutinas en 2 días, es normal que le funcione. Pero si en lugar de enviar troyanos las mata a raquetazos seguro que también le iba funcionar. Nada, cada loco con su tema y me parece bien. Lo que no me gustó es que me mandara a la M. Creo que se pueden confrontar ideas sin necesidad de ser grosero, no crees.., | Me parece que ese video te cita🤣 | https://youtu.be/p8niHZP3RyQ?si=0HJCqvZI75WpkEIA",Vespa_velutina,Vespa velutina,2023-09-01T17:58:52Z,es,Spain,2023-09-01 17:58:52,,GEO,,,,,Insects,established,2011.0,,,,2010-08-21T00:00:00Z,After,True
Vespa velutina,ydqO1YpdixA,"Vespa velutina, avispa asiática invasora.",Cómo eliminar los nidos de avispa asiática (vespa velutina)?. ¿Cómo localizo los nidos y como los elimino posteriormente?,2021-07-26T18:44:57Z,Soutos e Colmeas,"40.0, -3.7",https://www.youtube.com/watch?v=ydqO1YpdixA,1015.0,34.0,13.0,"buenas tardes, podrías , por favor, contarnos que aplicación usas para manejar el mapa? marcarlo, poner la leyenda... etc?
Lo he intentado con el maps, con el earth y con el sixpac pero no he visto la opción
gracias!! | Lo que hay que hacer es evitar que hagan los nidos, esto es en el mes de enero, todo más tardar en febrero se ponen trampas, pero no en el colmenar, sino en los frutales, tuyos y de los vecinos (si te dejan, pero no creo que te pongan ningún problema), se renuevan cada 15 días o antes si están llenos, se mantienen hasta el mes de Junio o Julio, después arpas y troyanos, pero si se tiene la precaución de trampear a unos tres km alrededor del colmenar y todo el mundo lo hiciese, en solo un año ¡Adiós velutinas!. ¿Cuál es el líquido mejor para atrayente? Cualquiera que tenga azúcar y un poco de alcohol, para que repela, otros insectos, especialmente las abejas, estos serían los mejores: lo que has dicho en el vidio con levadura, sidra natural con azúcar, vermut, zumos de arándanos, melocotón..........en definitiva cualquier cosa que de olor y que tenga azúcar. Nunca me dieron resultado las cervezas, los vinos, ni los potingues raros, también dicen que el olor a miel o cera, y los preparados apícolas también les encantan. Muy importante poner siempre las misma botellas, es decir aunque estén sucias no descartarlas ya que la mayoría de los insectos se orientan por feromonas. El problema de las trampas es que caen algunas vispas cabro , que son las de aquí, inofensivas para las abejas, pero enemigas naturales de las velutinas, estas suelen ser bastante más grandes que las velutinas, con la cabeza amarilla tirando a roja, con varias franjas amarillas en el tórax (las velutinas solo tienen una. Decirte que las abejas tan abrigadas como las tienes tú, no creo que de resultado, puede que no entren velutinas, pero a lo mejor tampoco pueden salir los zánganos y las reinas, ya que son mayores que las obreras y otro peligro que los apicultores suelen ignorar, no es sólo que les esperen cerca de las colmenas, sino que saben a donde van a buscar el néctar y/o el polen y allí les esperan | Creo que das en el clavo, es realmente ir a la raíz. El tema son los nidos.
Muy buena aportación la de la evolución de la población de velutinas y la localización de los nidos año tras año, sorprende que se desplazan poco de un año al siguiente sólo 100m.
Y muy bueno el cómo haces para encontrar los nidos. | Qué tipo de venenos son válidos para hacer esto? | Buen trabajo aquí en Cataluña hay que pedir permiso para matarlas si actúas por tu cuenta y pasa un accidente tienes problemas o seprona o bomberos directamente a los municipales policía buen trabajo falta personas como tú con iniciativa stop velutinas 👍🤠 | No está mal, probaré.
Tengo que ponerme en contacto contigo",Vespa_velutina,Vespa velutina,2021-07-26T18:44:57Z,es,Spain,2021-07-26 18:44:57,,GEO,,,,,Insects,established,2011.0,,,,2010-08-21T00:00:00Z,After,True
Vespa velutina,dchfb3zNt_k,Troyanos con Fipronil para la vespa velutina a examen. Un caso real.,Esta semana vamos a hacer troyanos con Fipronil a ver si somos capaces de envenenar un nido de vespa velutina situado a 150 ...,2023-08-21T20:10:55Z,Soutos e Colmeas,"40.0, -3.7",https://www.youtube.com/watch?v=dchfb3zNt_k,4077.0,87.0,35.0,"23 Agosto 2023
Día de transición de ola de calor a tiempo nublado. Mucha menos actividad de lo habitual en el nido.
Apiario 1
Hora inicio: 20:30 h. -> 12 Troyanos
Apiario 2
Hora inicio. 21:15 h. -> 10 Troyanos | Él Fipronil está prohibido en él medio ambiente en toda la comunidad Europea.
Y este año todavía han endurecido su uso. | Este comentario va dirigido a todos los que hacéis troyanos y os funciona. No voy a responder los comentarios sobre que hacéis troyanos y os funciona, si no está acompañado de una explicación con detalle de como los hacéis. El tema de los troyanos es tan contradictorio, se escuchan tantas versiones a favor y en contra, que no basta con comentar. Creo que es justo que os pida que pongáis el veneno que usáis, que cantidad ponéis, cuantas velutinas soltáis, durante cuantos días, cuantos nidos estimas que tenéis en la zona, etc.,y no se quede la cosa en un acto de fe. | Y como sabes que las velutinas van a ese nido y no van a otro? | Un saluto dall'Italia! | Sería fantástico marcar los troyanos con marcador de Reinas de cada color y cada colmenar para ver cuales entran… | Noraboa por esta detallada descripción sobre o traballo que vas a realizar. Estaremos atentos | Sería interesante contear además de los troyanos enviados la hora de envío, el tiempo dedicado y el número de velutinas avistadas en ese tiempo, así como si en días sucesivos la presión sobre el apiario baja, que sería indicativo de que está marcado por otros nidos que han ido perdiendo capacidad de ataque. Buen experimento, lo seguiremos con atención. | buenas! como otros compañeros esperemos los  resultados, gracias | 🥱",Vespa_velutina,Vespa velutina,2023-08-21T20:10:55Z,es,Spain,2023-08-21 20:10:55,,GEO,,,,,Insects,established,2011.0,,,,2010-08-21T00:00:00Z,After,True
Vespa velutina,HsKdlalnMWk,Vespa velutina,El extraño comportamiento de una vespa velutina. Pienso si estará relacionado con el apareamiento.,2020-10-31T22:45:33Z,El catalejo,"40.0, -3.7",https://www.youtube.com/watch?v=HsKdlalnMWk,76.0,0.0,1.0,"Parece que todo el mundo se inclina por la otra opción, tiene un ala mal.",Vespa_velutina,Vespa velutina,2020-10-31T22:45:33Z,es,Spain,2020-10-31 22:45:33,,GEO,,,,,Insects,established,2011.0,,,,2010-08-21T00:00:00Z,After,True
Vespa velutina,xq91ttFfxGA,El avispón asiático: el depredador que llegó a España con la globalización,Video corto de los enjambres capturados y aniquilados por la vespa velutina. La avispa asiática (Vespa velutina) es una especie ...,2021-09-05T16:00:18Z,La vida de Tony,"40.0, -3.7",https://www.youtube.com/watch?v=xq91ttFfxGA,386.0,6.0,8.0,"Exelente video,te dejo mi like y un gran abrazo!!!! | tony protegelas con una malla de acero con los agujeros pequeños del tamaño de las abejas asi las podras proteger algo | 😥😥Wow que pena que esa plaga acabarán con tu colmena,  a mi me gusta el mundo de la abeja,  pero con esa plaga o tiene miedo en invertir en abeja anque aqui en República Dominicana no tengamos esa plaga pueden llegar en cualquiel momentos | Que pasada, cualquiera se acerca ahí. 😱",Vespa_velutina,Vespa velutina,2021-09-05T16:00:18Z,es,Spain,2021-09-05 16:00:18,,GEO,,,,,Insects,established,2011.0,,,,2010-08-21T00:00:00Z,After,True
Vespa velutina,83xonoI7aTA,Resultado del envío de troyanos con fipronil para eliminar nidos de vespa velutina.,"En este video compartimos nuestra experiencia, 5 días enviando vespas velutinas contaminadas con fipronil y monitorizando un ...",2023-08-28T22:43:47Z,Soutos e Colmeas,"40.0, -3.7",https://www.youtube.com/watch?v=83xonoI7aTA,58827.0,607.0,153.0,"Graciñas, …parece que se escoitan chotacabras de fondo ó remate do video | Si le cortas las patas de atras van directas al nido | Puedo decir que los troyanos funcionan, pero con el material que habéis usado | Una pregunta ❓ no le cortáis las patas de atrás, para que no se limpien | Yo creo...creo que tendrías que cambiar de insecticida o subir la poción...113 troyanos y nada k nada...pues hay está fallando.Ssludo | Félicitations nous  sommes deux à nous battre pour faire comprendre que ça ne fontionne pas et c’est difficile. Je le dis depuis  15 ans . Bon courage et bravo. | El mejor troyano un buen petardo 🧨 y 💥🪦 | Gracias por la aclaración. 👍 | Al amanecer un bote limpia cristales con gas-oil | Echale gazoil, no queda ni una",Vespa_velutina,Vespa velutina,2023-08-28T22:43:47Z,es,Spain,2023-08-28 22:43:47,,GEO,,,,,Insects,established,2011.0,,,,2010-08-21T00:00:00Z,After,True
Vespa velutina,uL-KwwRHYH8,Captura de Reinas de vespa velutina: ¿si o no?,"En este video os razono el motivo porque las circunstancias que vive cada apicultor pueden definir si le interesa o no, realizar ...",2023-12-10T10:15:04Z,Soutos e Colmeas,"40.0, -3.7",https://www.youtube.com/watch?v=uL-KwwRHYH8,1335.0,43.0,8.0,"Hola señor, hoy en día ya existe un método muy simple y eficaz para matar los nidos de velutina que ya está en funcionamiento en algunos países .   El método es el siguiente: fiprionil diluido en agua 1:40 o 1:50 (o sin diluir) + carne picada + un recipiente cerrado  por donde puedan entrar y salir las avispas + colocar el recipiente con la carne preparada cerca del apiario.          Remojar bien durante unas horas para que la carne absorba el veneno, las avispas transportarán la carne y todo el nido desaparecerá.    Este método se utiliza desde hace mucho tiempo para eliminar los hormigueros, pero para la avispa el material viaja por el aire.      https://www.youtube.com/watch?v=hcrddtOxWHE | Hola muy buenas en mi zona cantabria hay muchas colmenas vacías están muriendo muchas colmenas dicen que la velutina está cambiando y tiene un ciclo continuo gracias por los videos un saludo | Tengo pensado poner trampas en medida de por cada litro de agua 400gde azucar y 10g de levadura dejNdola fermentar unos días, es buena??muy didáctica la explicación hay que aprender sobre la biología del enemigo para combatirlo...no sabía que las trampas perdían selectividad de especie digamos a los 15 días, muy importante detalle no quiero fastidiar lo autóctono... el tema está muy complicado, pero hay que echar toda la carne en el asador... gracias!! | Gracias por compartir! Ainda así, non acabo de entender como botas as contas. No exemplo que pos, sabes o número de nidos que houbo pero non sabes o número de nidos que evitache que houbera, e creo que ahí está a clave. Unha aperta e gracias polos vídeos",Vespa_velutina,Vespa velutina,2023-12-10T10:15:04Z,,,2023-12-10 10:15:04,,GEO,,,,,Insects,established,2011.0,,,,2010-08-21T00:00:00Z,After,True
Vespa velutina,7haXw4M9atk,Plan de Control de la Avispa Asiática (Vespa Velutina),,2022-05-01T16:00:03Z,Feria Internacional Apícola de Pastrana,"40.0, -3.7",https://www.youtube.com/watch?v=7haXw4M9atk,435.0,12.0,0.0,,Vespa_velutina,Vespa velutina,2022-05-01T16:00:03Z,,,2022-05-01 16:00:03,,GEO,,,,,Insects,established,2011.0,,,,2010-08-21T00:00:00Z,After,True
Vespa velutina,AB3qhOMzu40,Nido de Avispón asiático (Vespa velutina) en Abruñeiras (Noia). Ría de Noia,Nido de Avispón asiático (Vespa velutina) en un roble de la senda peatonal de Abruñeiras (Noia) Autor: Enrique Martínez Web: ...,2020-09-14T14:57:44Z,Ría de Noia,"40.0, -3.7",https://www.youtube.com/watch?v=AB3qhOMzu40,2114.0,16.0,6.0,"Menudo respeto da tener uno cerca... gracias por compartir, un saludo | Parece increíble las estructuras que pueden llegar a hacer estos insectos. ¿Sueles pasear por esa zona a menudo? Me pregunto cuánto tiempo pueden tardar en crear un nido de ese tamaño y si por el ruido que producen no han sido detectadas antes, pero como bien dices en otro comentario ""en teoría"" se harán cargo de ello. ¡Un saludo! | Beautiful!
Greetings Jacq | Y contra esto que hacemos? Como tenemos que actuar?",Vespa_velutina,Vespa velutina,2020-09-14T14:57:44Z,gl,Spain,2020-09-14 14:57:44,,GEO,,,,,Insects,established,2011.0,,,,2010-08-21T00:00:00Z,After,True
Vespa velutina,dsbCh89silQ,"vespa velutina, avispa asiatica",,2023-09-16T10:15:58Z,A Través Del Objetivo por Victor A Morcillo,"40.0, -3.7",https://www.youtube.com/watch?v=dsbCh89silQ,2057.0,40.0,0.0,,Vespa_velutina,Vespa velutina,2023-09-16T10:15:58Z,,,2023-09-16 10:15:58,,GEO,,,,,Insects,established,2011.0,,,,2010-08-21T00:00:00Z,After,True
Vespa velutina,YG9OKoH0D1s,METODO DE NEUTRALIZACION REMOTA DE NIDOS DE AVISPA ASIATICA VESPA VELUTINA. TROYANOS,"Explicación de Marino Fernández Pérez, apicultor y especialista de reconocido prestigio en la eliminación de nidos de avispa ...",2023-09-09T20:28:18Z,Apicultores de Asturias,"40.0, -3.7",https://www.youtube.com/watch?v=YG9OKoH0D1s,28241.0,543.0,,,Vespa_velutina,Vespa velutina,2023-09-09T20:28:18Z,es,Spain,2023-09-09 20:28:18,,GEO,,,,,Insects,established,2011.0,,,,2010-08-21T00:00:00Z,After,True
Vespa velutina,KJZcVL2eQtc,Gran nido de Vespa Velutina en un alpendre,Nido de gran tamaño de Vespa Velutina (asiática ) en la provincia de Ourense.,2021-10-27T22:10:58Z,Vespa Velutina,"40.0, -3.7",https://www.youtube.com/watch?v=KJZcVL2eQtc,22.0,2.0,0.0,,Vespa_velutina,Vespa velutina,2021-10-27T22:10:58Z,gl,Spain,2021-10-27 22:10:58,,GEO,,,,,Insects,established,2011.0,,,,2010-08-21T00:00:00Z,After,True
Vespa velutina,6pTTmdHTaTg,Avispa asiática VS araña gallega. Asían wasp(vespa velutina),Pelea araña contra avispa asiática(velutina),2015-10-19T18:34:48Z,Piti Pedia,"40.0, -3.7",https://www.youtube.com/watch?v=6pTTmdHTaTg,453381.0,2993.0,580.0,"Hay que llegar al medio millón compañeiros!!! | Un año mas volviendo a este maravilloso video, una verdadera obra cinematográfica que excita todos los sentidos. | Ha dado trabajo la putAvispa !! | A ver si acaba con todas | ya encontramos un counter al avispon, en el nuevo parche ya seguro le nerfean su ulti | Why did you not free the wasp when a spider has a web | Hay que ver cómo trabaja ese animalito , estas cosas que apenas paramos a ver me gustan mucho , he visto cosas muy chulas , trabajo en el campo muchos años , he visto ratas matar una serpiente y conejos reirse de sus predadores jejejej fue muy gracioso ver cómo se esperaba , para torearlos ... La naturaleza es una pasada !! | Araña gallega manda puts | A todas las avispas le dicen asiaticas, como no van a saber diferenciar | Linkin park de fondo",Vespa_velutina,Vespa velutina,2015-10-19T18:34:48Z,es,Spain,2015-10-19 18:34:48,,GEO,,,,,Insects,established,2011.0,,,,2010-08-21T00:00:00Z,After,True
Vespa velutina,YdGlASyhD10,"Vespa velutina, la avispa asiática invasora. Nuevos nidos velutinas agosto 2021",Te explico como protejo mi colmenar de las avispas asiáticas. Como encuentro y elimino los nidos de alas vespas velutinas.,2021-08-12T18:25:48Z,Soutos e Colmeas,"40.0, -3.7",https://www.youtube.com/watch?v=YdGlASyhD10,457.0,17.0,3.0,Bo traballo! A eliminación e o video)),Vespa_velutina,Vespa velutina,2021-08-12T18:25:48Z,,,2021-08-12 18:25:48,,GEO,,,,,Insects,established,2011.0,,,,2010-08-21T00:00:00Z,After,True
Vespa velutina,D0WRZPeitQo,Vespa Velutina - Vespas Asiáticas,,2023-07-18T09:36:59Z,Why not?,"40.0, -3.7",https://www.youtube.com/watch?v=D0WRZPeitQo,3541.0,66.0,4.0,"Eu quero ser picado  pela aquela aranha cabeluda | Fui picada por uma dessas fez 9 dias hoje. Senti dor intensa por mais de 24,. Logo após poucos minutos senti a visão turva e vómitos. Foi horrível. A comichão dorou mais de 5 dias.",Vespa_velutina,Vespa velutina,2023-07-18T09:36:59Z,,,2023-07-18 09:36:59,,GEO,,,,,Insects,established,2011.0,,,,2010-08-21T00:00:00Z,After,True
Vespa velutina,d9lJFNXtES0,The Yellow-Legged Asian Hornet (Vespa velutina) collecting water.,"The Asian hornet (Vespa velutina) needs water, too. Like other animals and insects the bodies of Asian hornets are mostly water; ...",2020-09-14T18:58:16Z,Xesús Feás,"40.0, -3.7",https://www.youtube.com/watch?v=d9lJFNXtES0,231.0,2.0,0.0,,Vespa_velutina,Vespa velutina,2020-09-14T18:58:16Z,en,,2020-09-14 18:58:16,,GEO,,,,,Insects,established,2011.0,,,,2010-08-21T00:00:00Z,After,True
Vespa velutina,fM-cjFapj0Q,Raíña da vespa velutina (avesta asiática) construíndo o niño primario.,"Galego: Neste vídeo, observamos unha raíña de avespa asiática (Vespa velutina) a mediados de marzo, que posiblemente ...",2024-06-12T00:26:41Z,Son da Vella,"40.0, -3.7",https://www.youtube.com/watch?v=fM-cjFapj0Q,148.0,5.0,0.0,,Vespa_velutina,Vespa velutina,2024-06-12T00:26:41Z,gl,Spain,2024-06-12 00:26:41,,GEO,,,,,Insects,established,2011.0,,,,2010-08-21T00:00:00Z,After,True
Vespa velutina,OP8VguxcGVs,COMO CAZAR A LA AVISPA ASIATICA (2019),"Mi colmena trabajando para traerme a casala rica miel, cuando la vespa velutina aparece y empieza a llevarse a mis queridas ...",2020-07-14T16:33:20Z,ESTIVALIA WORLD,"40.0, -3.7",https://www.youtube.com/watch?v=OP8VguxcGVs,78.0,0.0,0.0,,Vespa_velutina,Vespa velutina,2020-07-14T16:33:20Z,es,Spain,2020-07-14 16:33:20,,GEO,,,,,Insects,established,2011.0,,,,2010-08-21T00:00:00Z,After,True
Vespa velutina,utNupr9jr_A,Frelon asiatique (Vespa velutina),Debut de nid de frelon asiatique (2022-04-25). The beginnings of an Asian hornet's nest (2022-04-25). Principios de un nido de ...,2022-04-25T12:21:23Z,Guacamaya,"40.0, -3.7",https://www.youtube.com/watch?v=utNupr9jr_A,31.0,0.0,0.0,,Vespa_velutina,Vespa velutina,2022-04-25T12:21:23Z,en,,2022-04-25 12:21:23,,GEO,,,,,Insects,established,2011.0,,,,2010-08-21T00:00:00Z,After,True
Vespa velutina,tNOTWoU8ElQ,VESPA VELUTINA (avispa Asiática) TRAMPEO DE REINAS,Aquí puedes encontrar la receta para la elaboración de las trapas de reina de Vespa Velutina o Avispa Asiática. Iñaki nos ha ...,2025-04-08T13:34:42Z,Vamos Aunando,"40.0, -3.7",https://www.youtube.com/watch?v=tNOTWoU8ElQ,2011.0,46.0,9.0,"Sem audio no interessa nao se entiende o que diz | No se oye bien.... | Hola  Buenas tardes,
Sirve para avispas ??
O soló para asiática o Reina  ?? | Una pena el audio que ha quedado bastante mal... Porque el tema es muy interesante. ¿No lo podéis filtrar de alguna manera?",Vespa_velutina,Vespa velutina,2025-04-08T13:34:42Z,es,Spain,2025-04-08 13:34:42,,GEO,,,,,Insects,established,2011.0,,,,2010-08-21T00:00:00Z,After,True
Vespa velutina,HRE0paqklQ8,Planificación anti vespa velutina 24,En este video os cuento mis planes para defender el colmenar y a mis abejas el año que viene de la vespa velutina. Consejos ...,2023-12-08T17:47:40Z,Soutos e Colmeas,"40.0, -3.7",https://www.youtube.com/watch?v=HRE0paqklQ8,2949.0,99.0,25.0,"Eres el único persona que realmente esta asiendo algo tienes toda la razón deĺ mondo mil gracias una brazo | La Mouka no hace que pierdan polen, al menos las mías, ellas pasan por debajo, no por la rejilla, al salir si salen por la verja | Hola, no soy apicultor, vivo cerca de vigo, pero he puesto mi granito de arena eliminando un nido en mi jardin del tamaño de un balón de baloncesto. Me arté de esperar a los de la xunta, son un desastre. Me gustaria algun metodo mas barato si me vuelve a ocurrir, ya que me gaste 18 € en un spray pero funciono bien,s ahora el no tener traje de apicultor me provoco bastante canguelo enfrentarme a el.😂😂 Me vesti de motorista con una buena bufanda al cuello. | Muy buen vídeo! Has probado la trampa de Zero Velutina? Sería como hacer troyanos automáticamente... Pero no sé si funciona o que pasa si entra una abeja... | Y otra cosa, es muy fácil explicar el porqué a veces se mandan troyanos a los nidos, y a los pocos días hay que repetir la operación porque sigue habiendo avispas. 

Al igual que en las colmenas, llega un punto en el ciclo anual, por ej agosto-septiembre, en que el nido de avispa tiene mucha cria ya en estado operculado, listo para nacer. En esa fase cuando mandas un troyano matas toda la avispa en estado adulto, toda la obrera, pero no matas la cria a punto de nacer. Por eso a los pocos días cuando toda esa avispa nace se vuelven a ver avispas.

El punto óptimo para hacer los troyanos es justo antes de verano cuando en el nido hay mas larvas. Entonces matas a las adultas y las larvas ya no nacen porque mueren de hambre | El método de los troyanos, se puede usar el argumento que mencionas tanto a favor como en contra. Es un método nuevo y es normal que haya que seguir investigando, no se puede decir que funciona o no por haberlo probado unas ocasiones o unos meses y que no haya dado resultado, ya que pueden haber influido muchas circunstancias. 

Desde luego retirando nidos, trampeando etc se lleva muchos años y ya vemos los resultados. Si bajo tu punto de vista retirar nidos es la solución ya me lo dices todo. 

No sé si los troyanos son la solución o no, pero desde luego por el camino que llevamos estan muy claros los resultados | Buenas tardes, voy compartir mi experiencia, solo tengo 6 colmens, he colocado un arpa cada 2 colmenas, he puesto la Mouka en las piqueras añadiendo un mallazo plastico con huecos de 2x2 cm encima de la malla de 6mm. Para que no las capturasen mientras entran o salen de la mouka ya que las vamufla y la trampa de coldo por la parte trasera de las piqueras ya que se meten por debajo de las colmenas y acaban en las chimeneas 😊, trampeo primaveral y otoñal con botellas y he probado la nasa para atrapar las avispas en epocas de reina y de caza, todas las trampas alejadas del colmenar y creo que es la mejor ya que he metido un bote con miel tapando la parte de arriba con malla fina y es una trampa super selectiva ya que abejas, moscas y otros insectos pueden escapar si se meten, dejo el enlace del video a continuación, lo bueno es que apenas tiene mantenimiento, solo vaciar las avispas muertas. Espero aportar algo, saludos

https://youtu.be/sAiN3mera58?si=GLG9es5ob_b9GrYG | Boas. Teño un par de dúbidas. Ó principio do video (9:03) dis que colocar trampas non leva a nada porque observastes que hai o mismo numero de niños, pero nas conclusions (20:54) dis que é un dos tres metodos indispensable, xunto coas arpas e eliminación de niños. Que facemos, colocamos trampas ou non?
E a outra dúbida é: se en 3 anos con unha presion alta de velutinas non atopamos nido ningún (dado que o mais probable é que estean ocultos en  troncos de árbores ou no chan), como podemos facer para reducir velutinas?  Porque consultando un video deste canal que nos recomendas dis que o método do troiano é practicamente ineficaz. 
Quedo pendiente da resposta. Un saúdo e gracias | Vaya, vaya!!🥱 | 🥱",Vespa_velutina,Vespa velutina,2023-12-08T17:47:40Z,es,Spain,2023-12-08 17:47:40,,GEO,,,,,Insects,established,2011.0,,,,2010-08-21T00:00:00Z,After,True
Vespa velutina,mpMZd8wrsn4,AVESPÓN europeo é acosado por VELUTINAS. #Galicia #avespón #velutina,Un grupiño de avespóns asiáticos (vespa velutina) acosan a un avespón europeo (vespa crabro) ata que se retira dun burato ...,2023-07-06T19:29:07Z,APB Vigo,"40.0, -3.7",https://www.youtube.com/watch?v=mpMZd8wrsn4,248.0,15.0,7.0,"Fantástico video y muy buena información ❤ | Ohhhhh, gracias corazón, y por la descripción, como siempre, un video muy instructivo además de bonito ❤😎 | Muy bueno 👌",Vespa_velutina,Vespa velutina,2023-07-06T19:29:07Z,gl,Spain,2023-07-06 19:29:07,,GEO,,,,,Insects,established,2011.0,,,,2010-08-21T00:00:00Z,After,True
Vespa velutina,Fb1flmAyMQQ,Vespa Velutina - VOST Portugal,"Tudo o que querias saber, e ainda não sabes, sobre a Vespa Velutina. Um video pensado e produzido pela equipa da VOST ...",2019-09-25T11:17:15Z,VOST Portugal,"40.0, -3.7",https://www.youtube.com/watch?v=Fb1flmAyMQQ,16223.0,104.0,,,Vespa_velutina,Vespa velutina,2019-09-25T11:17:15Z,pt,Portugal,2019-09-25 11:17:15,,GEO,,,,,Insects,established,2011.0,,,,2010-08-21T00:00:00Z,After,True
Vespa velutina,FFdgM8bChKQ,"DivulgaTerra 2018 &quot;Vespa velutina en Lugo, conciencia con ciencia&quot;, Xesús Feás","Quinto relatorio da segunda sesión de DivulgaTerra 2018. Casa do Saber, 22 de novembro de 2018. En novembro de 2016 ...",2019-05-08T11:48:41Z,Campus Terra USC,"40.0, -3.7",https://www.youtube.com/watch?v=FFdgM8bChKQ,344.0,3.0,0.0,,Vespa_velutina,Vespa velutina,2019-05-08T11:48:41Z,gl,Spain,2019-05-08 11:48:41,,GEO,,,,,Insects,established,2011.0,,,,2010-08-21T00:00:00Z,After,True
Vespa velutina,QqJf-TAE9IQ,CAZANDO EL AVISPON ASIATICO (2019),Las abejas trabajando en la colmena antes de que el avispón asiático o la vespa velutina llegue a la colmena. Los estragos que ...,2020-07-14T18:25:54Z,ESTIVALIA WORLD,"40.0, -3.7",https://www.youtube.com/watch?v=QqJf-TAE9IQ,160.0,0.0,5.0,Please upload again the Body Combat videos. | Holaaa...porque borraste los videos de BODYCOMBAT?????? No lo comprendó,Vespa_velutina,Vespa velutina,2020-07-14T18:25:54Z,es,Spain,2020-07-14 18:25:54,,GEO,,,,,Insects,established,2011.0,,,,2010-08-21T00:00:00Z,After,True
Vespa velutina,v2El50SRZOQ,Avispas: ¿europea o asiática?,"Diferenciar entre avispón europeo (Vespa crabro) y avispa asiática (Vespa velutina), es fundamental para evitar dar caza al ...",2023-10-29T19:33:25Z,Huerto Fedello,"40.0, -3.7",https://www.youtube.com/watch?v=v2El50SRZOQ,407.0,4.0,0.0,,Vespa_velutina,Vespa velutina,2023-10-29T19:33:25Z,,,2023-10-29 19:33:25,,GEO,,,,,Insects,established,2011.0,,,,2010-08-21T00:00:00Z,After,True
Vespa velutina,ZbsqL2XLtTY,Arpas eléctricas para contralar la vespa velutina paso a paso.,Arpas eléctricas para controlar el colmenar de la vespa velutina. Como hacerlas tu mismo. Te muestro paso a paso como las he ...,2023-08-14T12:32:50Z,Soutos e Colmeas,"40.0, -3.7",https://www.youtube.com/watch?v=ZbsqL2XLtTY,8098.0,124.0,41.0,"Boas tardes. Este ano fixen arpas seguindo este método teu e a verdade e que estou contento. Quedame unha dúbida, que calibre de alambre usas? 0,4? 0,6? por se eso me vai a influir a hora de saltar a chispa. 
Gracias e un saludo | Hola, servirían tornillos avellanados para montar el hilo?? | Con qué tipo de broca perforas el metacrilato? y las medidas de los tornillos has mencionado que 3'5 de grosor, puedes indicar de que longitud? Gracias | Este sistema se podría utilizar para control de saltamontes y caracoles en hibernaderos? | Muito. Bem. Tem. Que me. Explicar. Esa. Montagem  obrigado | Bom dia   tem  as  medidas  dos  furos  do  arames | Muy  buen vídeo gracias, da gusto explicaciones asi 👏  otra vez gracias | buen video | Las placas de metacrilato qué tipo de tornillos hay que meterles para pasar los cables, o ya se venden con ellos | Bos días . Saberiasme decir si un pastor electrico de pechar as fincas con fíos de alambre, serviría como electronica para a velutina? funciona en pulsos cada poucos segundos",Vespa_velutina,Vespa velutina,2023-08-14T12:32:50Z,es,Spain,2023-08-14 12:32:50,,GEO,,,,,Insects,established,2011.0,,,,2010-08-21T00:00:00Z,After,True
Vespa velutina,yMFY3Rjja64,CAZANDO AVISPAS ASIATICAS,"Método casero de caza de avispa asiática o Vespa Velutina, en época de la recogida de manzanas para elaborar sidra. Como al ...",2020-07-14T17:04:48Z,ESTIVALIA WORLD,"40.0, -3.7",https://www.youtube.com/watch?v=yMFY3Rjja64,116.0,2.0,1.0,Que miedo dud,Vespa_velutina,Vespa velutina,2020-07-14T17:04:48Z,gl,Spain,2020-07-14 17:04:48,,GEO,,,,,Insects,established,2011.0,,,,2010-08-21T00:00:00Z,After,True
Vespa velutina,ShfPxAPJtC8,Ra come VELUTINA. #galicia #ra #velutina,Unha vespa velutina cae na auga dunha charca e unha ra se aproveita #apbvigo #galicia #galiciacalidade Imaxe: APBVigo Son: ...,2023-07-13T20:38:05Z,APB Vigo,"40.0, -3.7",https://www.youtube.com/watch?v=ShfPxAPJtC8,65.0,13.0,2.0,Jo qué gozada. Lo que vas y vamos a disfrutar | Ole Ole Ole! Cuantos detalles! Gracias corazón!❤❤❤,Vespa_velutina,Vespa velutina,2023-07-13T20:38:05Z,gl,Spain,2023-07-13 20:38:05,,GEO,,,,,Insects,established,2011.0,,,,2010-08-21T00:00:00Z,After,True
Vespa velutina,eLLyWvW6Eqo,Hornets attack honeybee!!  #antibes #france,"Vespa velutina wait outside Apis mellifera honeybee. It is a form of predation, when they catch the honeybee they keep the thorax ...",2023-10-10T15:39:54Z,InnerMindFocus,"40.0, -3.7",https://www.youtube.com/watch?v=eLLyWvW6Eqo,172.0,5.0,0.0,,Vespa_velutina,Vespa velutina,2023-10-10T15:39:54Z,en,,2023-10-10 15:39:54,,GEO,,,,,Insects,established,2011.0,,,,2010-08-21T00:00:00Z,After,True
Vespa velutina,fuy8YQp5au4,ADF 192 Protecció del Medi Ambient 3 VESPA VELUTINA,En aquest vídeo us ensenyem com fer una trampa eficaç i senzilla per prevenir i controlar la invasió de la vespa asiàtica o ...,2024-01-19T10:59:10Z,ADF . VACARISSES 192,"39.6, 3.0",https://www.youtube.com/watch?v=fuy8YQp5au4,169.0,11.0,0.0,,Vespa_velutina,Vespa velutina,2024-01-19T10:59:10Z,ca,Spain,2024-01-19 10:59:10,,GEO,,,,,Insects,established,2011.0,,,,2010-08-21T00:00:00Z,After,True
Virus rugoso del tomate,nciSNFWCn5I,Jornada Virus Rugoso Tomate ToBRFV- Mazarrón,Virus rugoso del tomate. Una nueva virosis en el cultivo del tomate en la Región de Murcia. Charla informativa sobre la situación ...,2021-12-01T20:19:12Z,Servicio de Formación y Transferencia Tecnológica,"40.0, -3.7",https://www.youtube.com/watch?v=nciSNFWCn5I,2130.0,17.0,0.0,,Tobamovirus_fructirugosum,Virus rugoso del tomate,2021-12-01T20:19:12Z,es,Spain,2021-12-01 20:19:12,,GEO,,,,,"Bacteria, Viruses, Fungi",alien,2019.0,,,,2019-10-01T00:00:00Z,After,True
Xylella fastidiosa,yfJqU1HcRn8,Riesgos potenciales de la introducción de Xylella fastidiosa en la Región de Murcia,JORNADA VIRTUAL DE TRANSFERENCIA DE RESULTADOS DE PROYECTOS DE INVESTIGACIÓN (PROYECTO FEDER ...,2021-06-17T08:10:24Z,Servicio de Formación y Transferencia Tecnológica,"40.0, -3.7",https://www.youtube.com/watch?v=yfJqU1HcRn8,246.0,6.0,0.0,,Xylella_fastidiosa,Xylella fastidiosa,2021-06-17T08:10:24Z,es,Spain,2021-06-17 08:10:24,,GEO,,,,,"Bacteria, Viruses, Fungi",alien,2016.0,,,,2016-11-01T00:00:00Z,After,True
Xylella fastidiosa,gnnSsO832vQ,BIOVEXO: utilizar extractos vegetales para combatir la bacteria Xylella fastidiosa,DOMCA participates in @Biovexo project to fight against Xylella fastidiosa using natural extracts based on alliaceous compounds.,2020-08-27T13:48:53Z,DOMCA,"40.0, -3.7",https://www.youtube.com/watch?v=gnnSsO832vQ,82.0,3.0,0.0,,Xylella_fastidiosa,Xylella fastidiosa,2020-08-27T13:48:53Z,en,,2020-08-27 13:48:53,,GEO,,,,,"Bacteria, Viruses, Fungi",alien,2016.0,,,,2016-11-01T00:00:00Z,After,True
Xylella fastidiosa,S_O9vFae6Cs,"La Xylella Fastidiosa amenaza 75 especies vegetales, cítricos, olivar y viña",La última información publicada por el Ministerio de Agricultura de Portugal sobre la Xylella fastidiosa constata que los síntomas ...,2023-02-02T11:26:37Z,ADN TV,"40.0, -3.7",https://www.youtube.com/watch?v=S_O9vFae6Cs,205.0,1.0,0.0,,Xylella_fastidiosa,Xylella fastidiosa,2023-02-02T11:26:37Z,,,2023-02-02 11:26:37,,GEO,,,,,"Bacteria, Viruses, Fungi",alien,2016.0,,,,2016-11-01T00:00:00Z,After,True
Xylella fastidiosa,eYMQmzBa2Qo,Roles of water and temperature in the epidemiology of Xylella fastidiosa,"Fecha: 28 de Mayo de 2024 Hora: 12:00 Lugar: Instituto de Ciencias Agrarias, Salón de Actos Ponente: Prof. Alexander Purcell ...",2024-05-29T07:11:53Z,Instituto de Ciencias Agrarias - CSIC,"40.0, -3.7",https://www.youtube.com/watch?v=eYMQmzBa2Qo,262.0,8.0,0.0,,Xylella_fastidiosa,Xylella fastidiosa,2024-05-29T07:11:53Z,es,Spain,2024-05-29 07:11:53,,GEO,,,,,"Bacteria, Viruses, Fungi",alien,2016.0,,,,2016-11-01T00:00:00Z,After,True
Xylella fastidiosa,zUdolRUd9TY,UJA INVESTIGA Bioplaguicidas inteligentes contra la xylella fastidiosa,"Hoy en UJA Investiga la investigadora de la Universidad de Jaén, Julia Manetsberger, nos descubre un proyecto que pretende ...",2021-11-12T12:00:35Z,SER Radio Jaén,"40.0, -3.7",https://www.youtube.com/watch?v=zUdolRUd9TY,80.0,2.0,0.0,,Xylella_fastidiosa,Xylella fastidiosa,2021-11-12T12:00:35Z,,,2021-11-12 12:00:35,,GEO,,,,,"Bacteria, Viruses, Fungi",alien,2016.0,,,,2016-11-01T00:00:00Z,After,True
Xylella fastidiosa,Fyh3e6buA84,#LasMañanasIFCA 🌞| A climate-driven epidemiological model for Pierce&#39;s disease of grapevines,"ℹ️The vector-borne bacterium Xylella fastidiosa is responsible for Pierce's disease (PD), a fatal grapevine disease that ...",2023-06-02T22:49:22Z,IFCA CSIC-UC,"40.0, -3.7",https://www.youtube.com/watch?v=Fyh3e6buA84,58.0,2.0,0.0,,Xylella_fastidiosa,Xylella fastidiosa,2023-06-02T22:49:22Z,en,,2023-06-02 22:49:22,,GEO,,,,,"Bacteria, Viruses, Fungi",alien,2016.0,,,,2016-11-01T00:00:00Z,After,True
Yaco cola roja,_KT1KPo3UIU,"Yaco Cola Roja en Palma, Mallorca",,2024-02-04T14:41:21Z,Yaco Vlogs,"40.0, -3.7",https://www.youtube.com/watch?v=_KT1KPo3UIU,14173.0,189.0,12.0,Que bonita ❤ | Hola guap@. Primer arnés que veo en loro cola roja. Felicitaciones. | ❤❤ | esta con frio | Pobre loro!! Libéralo por FAVOR | Por que la tienen amarrada | Que bonito❤❤❤😊,Psittacus_erithacus,Yaco cola roja,2024-02-04T14:41:21Z,,,2024-02-04 14:41:21,,GEO,,,,,Birds,casual,2014.0,,,,2014-06-01T12:00:00Z,After,True
Yaco cola roja,fnkzlRw6GYQ,Yaco cola Roja THELMA,Primeros vuelos.,2020-10-13T21:24:43Z,Fran Albarran castro,"40.0, -3.7",https://www.youtube.com/watch?v=fnkzlRw6GYQ,27.0,0.0,0.0,,Psittacus_erithacus,Yaco cola roja,2020-10-13T21:24:43Z,es,Spain,2020-10-13 21:24:43,,GEO,,,,,Birds,casual,2014.0,,,,2014-06-01T12:00:00Z,After,True
Yaco cola roja,ZwzW2Z-NROo,YACO COLA ROJA KIKO 🐧🦕♥️🫀🐣🫶🗽🌳🩸🌍 www.todoloros.com ☎️ 📞 635465610  #JUGUETESPARALOROS #ARNESPARALOROS,,2024-09-06T21:34:34Z,Todo Loros,"40.0, -3.7",https://www.youtube.com/watch?v=ZwzW2Z-NROo,12340.0,359.0,,,Psittacus_erithacus,Yaco cola roja,2024-09-06T21:34:34Z,es,Spain,2024-09-06 21:34:34,,GEO,,,,,Birds,casual,2014.0,,,,2014-06-01T12:00:00Z,After,True
Yaco cola roja,XKpC0WdTAVU,ADIESTRANDO YACO COLA ROJA  (KIKO)CON EL MAESTRO CAPITÁN POLLITO 🐣 ♥️🫀🐣🫶🗽🌳🩸🌍 www.todoloros.com,,2024-07-25T07:52:41Z,Todo Loros,"40.0, -3.7",https://www.youtube.com/watch?v=XKpC0WdTAVU,6867.0,503.0,14.0,"Me encantan los periquitos , pornis, ninfas,loros y cotorras.  Los he tenido desde los 8 años y creo q cuando me muera los seguiré teniendo. ❤ | Capitán Pollito 😅 | 😊❤❤❤❤❤❤❤ | Aquí en Costa Rica ya estuviera encerrado, los animales decomisados, por mantener en cautiverio aves exóticas, sobre todo los papagayos, como siempre los seres humanos comprando o atrapando animales salvajes, para su propio deleite y llenar su ego, una mierda completa | Bien kikito.. y el profe una hermosuritaaaa | Qué guapos y qué disfrute ❤🥰💫 | Hola soy el que te hablo por un yaco de cola roja que hacia cosas raras con la boca, no lo llevamos al veterinario y se salvo , parece ser que se tragaba alguna pluma y luego le molestaba en la garganta o algo 😅 | Cuídense muchos ustedes, los q aman a  los animalitos, deberían de ser eternos | AMIGO MUCHO GUSTO QUE LINDOS VIDEOS Y MARAVILLOSAS AVES. Una pregunta como le hago para entrenar a mis loros te saludo desde Guatemala tienes algún video? | Yo tengo un YACO se llama Nano pero lo crío mi hijo y cuando se caso lo dejo en mi casa, a su esposa no la quería por celos, yo lo arreglo y soy desde hace 16 años la única que lo cuida pero no puedo ni tocarlo hablaba mucho y dejó de hacerlo solo ladra y maulla por el perro y los gatos que tengo  peri nada es muy desagradecido y me da mucho coraje",Psittacus_erithacus,Yaco cola roja,2024-07-25T07:52:41Z,es,Spain,2024-07-25 07:52:41,,GEO,,,,,Birds,casual,2014.0,,,,2014-06-01T12:00:00Z,After,True
Yaco cola roja,gjkz_U3RPZw,"Yaco Cola Roja pasea por Palma, Mallorca",,2024-02-05T18:00:15Z,Yaco Vlogs,"39.6, 3.0",https://www.youtube.com/watch?v=gjkz_U3RPZw,3359.0,102.0,3.0,"Me encanta. El mío cumple un año en 3 semanas y no da hablado. El timbre, perfecto que lo imita y silba mucho, bien y variado. Empiezo a impacientarme. | me encanta,el mio ahora tiene 6 meses | Que bonito Yaco de cola roja 😍🐦",Psittacus_erithacus,Yaco cola roja,2024-02-05T18:00:15Z,,,2024-02-05 18:00:15,,GEO,,,,,Birds,casual,2014.0,,,,2014-06-01T12:00:00Z,After,True
Yaco de cola roja,haFmdCruhEc,✅COMO EDUCAR UN YACO DE COLA ROJA 📝,contacto:   www.todoloros.com (+34) 635 465 610 -asesoramiento personalizado -fabricante de ARNESES ARTESANALES para ...,2023-10-21T06:00:13Z,Todo Loros,"40.0, -3.7",https://www.youtube.com/watch?v=haFmdCruhEc,11749.0,411.0,30.0,"Las aves | 🦜 | Bueno y si no se tiene desde pequeño?? Hay un Jacko en el nuevo lugar que vivo tiene alrededor de 10 años pero siempre ha vivido en jaula , como me gano su confianza?? Cuando intento hacercarme el se anima pero mas de una vez me ha tomado y me ha sacado la sangre. 
Me da mucho pesar verlo asi todo el tiempo..... | Gracias tengo un yako y quiero aprender para su bienestar | Otro comentario que quiero hacer, antes cuando abria su jaula el venia y se posaba en la mano, pero hace mucho tiempo que ya no lo hace por mas que insisto. | He quedado sorprendido! Como has hecho para hacerlo volar al exterior y que no se te vaya? Yo tengo uno  gris de cola roja , ya tiene 20 anos. Hace algunos anos lo saque al exterior pensando que no se iria, pero pego el vuelo y lo perdi por una semana, suerte que lo recupere encontrando un anuncio en Internet , el loro fue a dar a un edificio y aterrizo en uno de los balcones aproximadamente a 2 kilometros de donde vivo. | Buenos dias, tenia una duda. Mi yako de cola roja le ha dado por incubar una bola de madera. Rs consejable dejar que lo haga o mejor se lo retiro? | Qué maravilla tío!!! Es precioso | Hola! Súper vídeo!!! Donde ti eres? Y tu tienda? Gracias | Tengo un yaco de cola roja tiene 5 años en principio lo cogíamos todos pero luego no me quería a mí y se iva con mi pareja después al contrario y ahora solo lo puedo tocar yo. Compré un arnés y no pude ponérselo nunca ni me dejaba.ahora para colmo se está quitando las plumas y estoy aburrida con ella",Psittacus_erithacus,Yaco de cola roja,2023-10-21T06:00:13Z,es,Spain,2023-10-21 06:00:13,,GEO,,,,,Birds,casual,2014.0,,,,2014-06-01T12:00:00Z,After,True
Yaco de cola roja,5krU7nvG66U,✅ COMO EDUCAR UN YACO DE COLA ROJA + VUELO LIBRE,CONSEJOS PARA ENSEÑAR A TU LORO ....   contacto:   www.todoloros.com (+34) 635 465 610 -ASESORAMIENTO ...,2024-05-04T07:48:43Z,Todo Loros,"40.0, -3.7",https://www.youtube.com/watch?v=5krU7nvG66U,3876.0,164.0,10.0,"Me han cedido un yaco con 6 años me gustaría que me recomendasen como amanzarlo sé que me llevará tiempo | Eres un crack | 🇪🇸🦜👌👌👏👏👏👏👏👏👏👏 | 0:51 | 0:38 0:38 | Hola, te agradecería que me dieras tu opinión sobre que crees que es mejor una hembra o un macho de yaco cola roja, ya que nunca he tenido esa especie y si coneces un criador que sea de tu confianza, gracias por tus videos. | Yo adopte a mi Paquito un loro verde cabeza roja de un hombre que no le enseñó nada de sociabilización cuando llegó a mi casa ya tenía 9 años es amoroso solo con mi hija y medio conmigo …no quiere arnés picotea y en época de celo ataca a mi hijo y mi esposo …no juega,no sabe jugar ,le gusta solo 😕 semillas jamás le dieron creo frutas ahora como manzanas,algo de plátano ,uvas o zanahoria…mi esposo no lo quiere ya le crecieron las alas el vuela por  así todo el segundo piso de mi casa ,tiene todo una habitación para el solo y volier grande en el jardín…yo quiero córtale sus alas para que disfrute del jardín que sólo Primavera y verano y yo quiero que tenga mejor vida Paquito mi loro 🦜 que puedo hacer?? | Como me puedo hablar contigo | Hola, la ninfa es papillera? | Hola buenísimo tu video como siempre me gustaría hicieras un video más ampliado de alimentación capaz con algún criador o veterinario especialista 🇺🇾🇺🇾🇺🇾 Saludos",Psittacus_erithacus,Yaco de cola roja,2024-05-04T07:48:43Z,es,Spain,2024-05-04 07:48:43,,GEO,,,,,Birds,casual,2014.0,,,,2014-06-01T12:00:00Z,After,True
Yaco de cola roja,ISH4XbvUsnY,Yaco de Cola Roja,Salidas de pesca desde Marina Cabo Roig en ALICANTE mas info: 667 06 76 71. FABRICANTE DE BALAS EN PESCA SOL Y ...,2025-07-29T13:04:19Z,PESCA SOL Y MAR,"40.0, -3.7",https://www.youtube.com/watch?v=ISH4XbvUsnY,1177.0,6.0,0.0,,Psittacus_erithacus,Yaco de cola roja,2025-07-29T13:04:19Z,,,2025-07-29 13:04:19,,GEO,,,,,Birds,casual,2014.0,,,,2014-06-01T12:00:00Z,After,True
Zebrasoma flavescens,9Dcqn-Xems0,Zebrasoma Flavescens criados en cautividad 😍,"Disponemos en tienda de 3 ejemplares de Zebrasoma Flavescens criados en cautividad a un precio especial, llegados ...",2021-09-25T08:19:08Z,Dauer Acuarios,"40.0, -3.7",https://www.youtube.com/watch?v=9Dcqn-Xems0,264.0,6.0,0.0,,Zebrasoma_flavescens,Zebrasoma flavescens,2021-09-25T08:19:08Z,es,Spain,2021-09-25 08:19:08,,GEO,,,,,Fishes,uncertain,2008.0,,,,2008-06-01T12:00:00Z,After,True
Zebrasoma flavescens,s8eVLhXEU0o,Zebrasoma Flavescens disponibles 💕,Zebrasoma Flavescens en stock https://www.daueracuarios.com/cirujanos/3132-zebrasoma-flavescens.html #tmciberia ...,2023-11-09T19:38:42Z,Dauer Acuarios,"40.0, -3.7",https://www.youtube.com/watch?v=s8eVLhXEU0o,75.0,4.0,1.0,Beautiful but expensive 🤑💸,Zebrasoma_flavescens,Zebrasoma flavescens,2023-11-09T19:38:42Z,,,2023-11-09 19:38:42,,GEO,,,,,Fishes,uncertain,2008.0,,,,2008-06-01T12:00:00Z,After,True
Aguila americana,-cR_yRsrQTc,Especies y tipos de águilas: águila americana,"El águila calva, conocida por su cola y cabeza de plumas blancas (que no calva), es la orgullosa ave símbolo nacional de ...",2023-05-09T08:02:06Z,Menos palabras y más belleza,"40.0, -3.7",https://www.youtube.com/watch?v=-cR_yRsrQTc,4178.0,,3.0,"Pobre😢 está privada de libertad 😭 | Águila Americana es preciosa!!!😍😍 | Porque la tienen ahí ???? malditos inhumanos ""Depredadores 🤬🤬🤬",Haliaeetus_leucocephalus,Aguila americana,2023-05-09T08:02:06Z,es,Spain,2023-05-09 08:02:06,,BOTH,,,,,Birds,casual,2008.0,,,,2008-06-01T12:00:00Z,After,True
Alga asiatica,oZa_yUbxsRY,La ALGA ASIÁTICA INVASORA satura Faro Trafalgar de Bañistas,Algunas playas de Cádiz y sobretodo la playa de CAÑOS de MECA están siendo castigadas por la ALGA ASIÁTICA INVASORA.,2023-08-31T16:00:29Z,La Vida salada de Juanlu,"40.0, -3.7",https://www.youtube.com/watch?v=oZa_yUbxsRY,1137.0,67.0,40.0,"Alga asiatica | Mis deseos para que no se extiendan las algas y perjudiquen esa playa tan bonita. 
Sigue asi crack!! | Alga asiatica | Madrugon con olas y algas asiaticasss🤙🏾 | Alga asiática!!!  A seguir dándole fenómeno!!!! | Buen video y bonito amanecer... | Hay que buscarle un uso valido al alga esta porque no va a mejorar la cosa. Buen baño matutino 👌🏼 | Bajo la atenta mirada de su faro,
 Y alfombrado de arena fina fina,
Con ALGAS ASIATICAS y agua cristalina,
Se pega el madrugon y se marca un buen tubazo! 🤘 | Las algas reducen el ph del mar y lo acidifica pero puede usarse como abono para la tierra | Alga asiática",Rugulopteryx_okamurae,Alga asiatica,2023-08-31T16:00:29Z,gl,Spain,2023-08-31 16:00:29,,BOTH,,,,,Plants,alien,2015.0,,,,2015-06-01T12:00:00Z,After,True
Alga invasora asiatica,cqDuk55vT5w,El protocolo de erradicación del alga invasora asiática arroja resultados positivos,El trabajo de años para conocer la situación provocada por el alga invasora asiática empieza a dar frutos. Los científicos han ...,2024-09-12T11:29:08Z,RTVCE,"40.0, -3.7",https://www.youtube.com/watch?v=cqDuk55vT5w,1063.0,2.0,0.0,,Rugulopteryx_okamurae,Alga invasora asiatica,2024-09-12T11:29:08Z,es,Spain,2024-09-12 11:29:08,,BOTH,,,,,Plants,alien,2015.0,,,,2015-06-01T12:00:00Z,After,True
Aratinga jandaya,rxO0vzdcCIY,Cotorras Jandaya 🦜 | Aves exóticas llenas de color💛 #short #loros #parrots #shorts #cotorras #birds,"Ranchotexaslanzarote En este short te muestro a las preciosas cotorras jandaya (Aratinga jandaya), unas aves exóticas ...",2023-09-18T09:37:32Z,Rubén Sales,"28.3, -16.6",https://www.youtube.com/watch?v=rxO0vzdcCIY,924.0,12.0,4.0,Que bonitos | 😲😍,Aratinga_jandaya,Aratinga jandaya,2023-09-18T09:37:32Z,,,2023-09-18 09:37:32,,BOTH,,,,,Birds,alien,2008.0,,,,2008-06-01T12:00:00Z,After,True
Avispa asiatica,FFbNwTPmI_s,Avispa asiática en Barcelona 🙄,"La avispa asiática (Avispa velutina nigrithorax) es una especie invasora que vive originariamente en China, el norte de la India e ...",2021-01-06T11:05:38Z,Urbonera,"40.0, -3.7",https://www.youtube.com/watch?v=FFbNwTPmI_s,3093.0,48.0,3.0,Aquí este par de avispas velutinas estan masticando la fibra de la caña para poder crear material de construcción de nido... | Joder... como si no tuviésemos bastante ya con el turismo y los calores. ¿En qué parte de Barcelona es esto? Hace unas semanas vi un aviso de nido de avispas (sin especificar la especie pero tenía toda la pinta de ser de velutina) en un árbol del Guinardó.,Vespa_velutina,Avispa asiatica,2021-01-06T11:05:38Z,,,2021-01-06 11:05:38,,BOTH,,,,,Insects,established,2011.0,,,,2010-08-21T00:00:00Z,After,True
Bycanistes brevis,WzYckjfPafk,CALAU DE CARA PRATEADA 🔵 🐦,CALAU DE CARA PRATEADA . O calau-de-cara-prateada ( Bycanistes brevis ) é uma grande espécie de calau encontrado ...,2021-05-07T17:44:21Z,PLANETA AZUL,"40.0, -3.7",https://www.youtube.com/watch?v=WzYckjfPafk,960.0,27.0,11.0,"Amazinggggg | Boa noite! Muito fofo esse casal de Calau! Tomara que tenham filhotes! 🥰 | Também não conhecia! Nome interessante! Adorei! 👏🏾👏🏾😃 | Mais um que não conhecia muito interessante ele | Amei linda ela TAMANHO do bico dele ou dela meu deus, boa tarde | Boa tarde ! Que ave linda , exótica  , com postura elegante no galho ! Adorei ! 😍❤ | Eles tem um bico muito diferente!
São lindos!",Bycanistes_brevis,Bycanistes brevis,2021-05-07T17:44:21Z,pt,Portugal,2021-05-07 17:44:21,,BOTH,,,,,Birds,casual,2008.0,,,,2008-06-01T12:00:00Z,After,True
Codorniz china,84qd3zGAwsE,SE PUEDE APAREAR CODORNIZ NORMAL CON UNA CODORNIZ CHINA ?,comidaaves En este canal encontraras todo lo que necesites saber en cuanto se trate de aves no importa su especie #tortolas ...,2022-09-27T23:05:10Z,CRIADERO DON ALFREDO,"40.0, -3.7",https://www.youtube.com/watch?v=84qd3zGAwsE,2778.0,44.0,17.0,"Pude convivir juntos | El video que estaba esperando | Vaya tela eso es falso. Yo tengo Cruces de codorniz de Campo x granja. Y una hembra de esas se la e echado a un macho de codorniz china y las Pisa. Haora vere si estan fecundado los huevos | C👍👍👍👍😎 | Son de especies totalmente diferentes, no son de distinta raza. | BUEN VIDEOS | No mas quiero los huevos para comer | Las codorniz pueden poner huevos sin macho o ocupan el macho para que pongan sus huevos | Ativo sienpre ativo | eres mexicano ???",Synoicus_chinensis,Codorniz china,2022-09-27T23:05:10Z,,,2022-09-27 23:05:10,,BOTH,,,,,Birds,alien,2006.0,,,,2006-06-01T12:00:00Z,After,True
Drosophila suzukii,P8gORWy7t1Y,La mouche Drosophila Suzukii,"La mouche Drosophila suzukii est une espèce d'insectes diptères de la famille des Drosophilidae, originaire d'Asie du Sud-Est.",2022-10-26T07:37:36Z,Studio One,"40.0, -3.7",https://www.youtube.com/watch?v=P8gORWy7t1Y,775.0,9.0,2.0,Encore une belle daube venue d Asie... Des années que j ai pas mangé une burlat...et les solutions actuelles sont trop lourdes. | Courage!!!,Drosophila_suzukii,Drosophila suzukii,2022-10-26T07:37:36Z,fr,,2022-10-26 07:37:36,,BOTH,,,,,Insects,alien,2008.0,,,,2008-06-01T12:00:00Z,After,True
Graptemys pseudogeographica,tHlZDoXX9Ig,Tortuga Mapa del Mississipi (Graptemys pseudogeographica kohni ) almorzando un salgamontes,Se coló un saltamontes en mi jardín y se lo di a mi tortuga de 5 años Doce.,2018-08-15T13:00:30Z,Luis Romero,"40.0, -3.7",https://www.youtube.com/watch?v=tHlZDoXX9Ig,4555.0,48.0,3.0,"Si es seudogreografica. Pero no es la Konhii . Es una mapa Ouachitensis | this is not pseudogeographica, it is an ouachitensis (rectangular markings behind the eyes) | Ta chido el Salgamontes, !! Jejeje",Graptemys_pseudogeographica,Graptemys pseudogeographica,2018-08-15T13:00:30Z,es,Spain,2018-08-15 13:00:30,,BOTH,,,,,Herptiles,established,2013.0,,,,2013-06-01T12:00:00Z,After,True
Loro yaco,VdHjvTW3F2M,"LOROS YACO COLA ROJA O LORO GRIS AFRICANO Inteligencia natural, la sana convivencia entre ellos","loro gris cola roja, loro yaco o loro africano, son siete hermanitos que conviven a diario, aves exoticas las que mas HABLAN de la ...",2021-03-26T18:27:47Z,AVES DE MI CORAZON,"40.0, -3.7",https://www.youtube.com/watch?v=VdHjvTW3F2M,401.0,9.0,0.0,,Psittacus_erithacus,Loro yaco,2021-03-26T18:27:47Z,,,2021-03-26 18:27:47,,BOTH,,,,,Birds,casual,2014.0,,,,2014-06-01T12:00:00Z,After,True
Mnemiopsis leidyi,_VXQ2FHS8xU,BIOLUMINISCENCE #bioluminescence #ctenophora #light #animal #marinebiology #biology #nightdive #luz,La luz del Mediterráneo. Mnemiopsis leidyi es una especie de ctenóforo del mar Mediterráneo. Los ctenóforos destacan por tener ...,2022-11-19T20:55:37Z,DCDocumentaries,"40.0, -3.7",https://www.youtube.com/watch?v=_VXQ2FHS8xU,299.0,11.0,0.0,,Mnemiopsis_leidyi,Mnemiopsis leidyi,2022-11-19T20:55:37Z,es,Spain,2022-11-19 20:55:37,,BOTH,,,,,Non-arthropod invertebrates,established,2009.0,,,,2009-06-01T12:00:00Z,After,True
Perca fluviatilis,YRVyf4OXhzo,PESCA desde orilla lucio poerca y perca europea,lucio perca y perca fluviatilis Tan hermoso pez pertenece a la familia de los pércidos y en España se introdujo de manera ilegal ...,2019-11-07T17:00:05Z,PescaGuide Fishing Productions,"40.0, -3.7",https://www.youtube.com/watch?v=YRVyf4OXhzo,2147.0,62.0,43.0,"SI te a gustado este video no te pierdas este otro🔻🔻https://www.youtube.com/watch?v=LhX7CnWHmeI&t=105s | gran vídeo 
¿Se captura y libera al 100% a todos los peces depredadores de agua dulce? | El lucioperca ya es un trofeo !!!!
Y entro a un señuelo !!!!
El sonido de una película de acción !!! | buen video Unai¡¡¡ saludos y ...pesca y vive¡¡ | Buenas Fluvis💪🏽 Y esa lucioperca intuyes de que murió? Un saludo Unai! | Nunca comentó 😂buen vídeo compañero un saludo. | like 36 hermano!!!!...venga esas fluvis guapas!!!!....y vaya blancazo llevaba la lucioperca,,,,,la pobre como estaba!!!!!!.....vamos tocando escama y eso significa buen camino nene!!!!....no pares de pescar amigo!!!! y de mostrarnos tus aventuras.....fishing love tigre!!!!...a la caidaaaaaaaaaa | El poder salir es lo que cuenta, si además sale algo mejor! Ha sido entrenido.. Buen video compañero | Te has quitado el bolo y has tomado el aire, al final es lo que cuenta. Las fluvis muy chulas, la segunda ya era maja, lástima el lucio. Un saludo y que siga la pesca. | Eres un artista de la multiespecie con lo que pillas. Cualquier día pescas con una raiz",Perca_fluviatilis,Perca fluviatilis,2019-11-07T17:00:05Z,es,Spain,2019-11-07 17:00:05,,BOTH,,,,,Fishes,established,2015.0,,,,2015-06-01T12:00:00Z,After,True
Perca fluviatilis,jy05q7TfVE0,Perca fluviatilis perca europea,"Pesca deportiva de perca europea una especie muy divertida y peleona pescando con señuelos pequeños , micro señuelos.",2021-10-10T22:30:03Z,PescaGuide Fishing Productions,"40.0, -3.7",https://www.youtube.com/watch?v=jy05q7TfVE0,1116.0,34.0,2.0,"En que embalses hay percas de esas, yo no veo ninguno en CyL, conoces alguno???",Perca_fluviatilis,Perca fluviatilis,2021-10-10T22:30:03Z,es,Spain,2021-10-10 22:30:03,,BOTH,,,,,Fishes,established,2015.0,,,,2015-06-01T12:00:00Z,After,True
Pez cirujano amarillo,lz58gJOHyxI,🐠 Pez Cirujano Amarillo Cambia de Color 🌈 en Arrecifes de Hawái | Animales Divertidos Para Niños,"Explora el Mundo del Pez Cirujano Amarillo ¡Conoce al pez cirujano amarillo, el superhéroe del océano con un cuerpo tan ...",2025-06-05T04:01:04Z,Animales Divertidos Para Niños,"40.0, -3.7",https://www.youtube.com/watch?v=lz58gJOHyxI,47.0,0.0,0.0,,Zebrasoma_flavescens,Pez cirujano amarillo,2025-06-05T04:01:04Z,es,Spain,2025-06-05 04:01:04,,BOTH,,,,,Fishes,uncertain,2008.0,,,,2008-06-01T12:00:00Z,After,True
Rapana venosa,B9ZEo13CrSI,"¿Temes a la muerte, Jack Sparrow? Molusco - Rapana Venosa - Gasterópodo","Temes a la muerte, Jack Sparrow? Molusco - Rapana Venosa - Gasterópodo de la familia Muricidae de origen asiático y género ...",2024-07-28T12:20:07Z,Cacharro,"40.0, -3.7",https://www.youtube.com/watch?v=B9ZEo13CrSI,413.0,8.0,1.0,Quiero ver la mujer completa,Rapana_venosa,Rapana venosa,2024-07-28T12:20:07Z,,,2024-07-28 12:20:07,,BOTH,,,,,Non-arthropod invertebrates,uncertain,2007.0,,,,2007-03-15T00:00:00Z,After,True
Tortuga Ocadia,9hdvtuo_8ZM,Galápago leproso y tortuga ocadia Musica  por el ruiseñor común,Galápago leproso autóctono en España junto a una tortuga ocadia exótica soltada a su suerte. Acompañado por ruiseñor común.,2023-05-24T21:54:15Z,Santiago Jimenez,"40.0, -3.7",https://www.youtube.com/watch?v=9hdvtuo_8ZM,149.0,5.0,0.0,,Mauremys_sinensis,Tortuga Ocadia,2023-05-24T21:54:15Z,es,Spain,2023-05-24 21:54:15,,BOTH,,,,,Herptiles,alien,2014.0,,,,2014-10-10T00:00:00Z,After,True
